#blackswan
05: 0.9612700628053036,0.9864998586372632,41871,42444
06: 0.9637881054797083,0.9849480151228733,41683,42320
07: 0.9605809128630706,0.9882978723404255,41805,42300
08: 0.9583857588890442,0.9869506631048911,41749,42301
09: 0.9567694525836008,0.9818875568221965,41688,42457
10: 0.9565734265734266,0.9863454575573278,41680,42257
11: 0.9526082825426989,0.9821445374988238,41749,42508
12: 0.9532967668772709,0.9849482596425212,41880,42520
13: 0.9526227911506887,0.9804078368652539,41684,42517
14: 0.9520671894575657,0.9766944672853283,41573,42565
15: 0.9521517815826006,0.9769436243497821,41694,42678
16: 0.9492678427303125,0.9752769079777539,41736,42794
17: 0.9480411801285151,0.9752919196637085,41762,42820
18: 0.9464088143094228,0.97292119343006,41642,42801
19: 0.9475772958006461,0.9731637757725934,41630,42778
20: 0.943464037229876,0.9710734146455442,41560,42798
21: 0.9356341792101597,0.9705157419894899,41738,43006
22: 0.9331142602861642,0.9673695945004412,41653,43058
23: 0.938215945162626,0.9655695257645385,41393,42869
24: 0.9351970669110907,0.9657829193920067,41491,42961
25: 0.9289719201870474,0.9621094922533423,41668,43309
26: 0.9242202454678528,0.9552631578947368,41745,43700
27: 0.9171474573997048,0.9446309486004627,41645,44086
28: 0.906958126709511,0.9363244292907625,41467,44287
29: 0.906559008959186,0.932118277400408,41579,44607
30: 0.8923668314113125,0.9198627236868495,41277,44873
31: 0.8865269918947851,0.9141267483873828,41239,45113
32: 0.8786981604441058,0.9045286016949152,40986,45312
33: 0.8814387307351447,0.9076225124923293,41413,45628
34: 0.8680338639839728,0.8922882206607603,40890,45826
35: 0.8610961790698175,0.8844353486751867,40623,45931
36: 0.8536757473378095,0.8781333275559503,40532,46157
37: 0.8549629692687495,0.8788342566446078,40770,46391
38: 0.8548359425262706,0.8801165141403822,40488,46003
39: 0.853468668014279,0.8814258584182838,40379,45811
40: 0.8502697938388116,0.8756728485191885,40182,45887
41: 0.8454562953140706,0.8687573093082688,40114,46174
42: 0.8452108427290815,0.8708270970260948,40146,46101
43: 0.8378499106611078,0.861889882555759,39996,46405
44: 0.8296164892718365,0.8548825657824309,39929,46707
45: 0.8243206264339992,0.8501408931773546,39824,46844
46: 0.8183623554988816,0.8428244565908224,39783,47202
47: 0.8093276751539358,0.8355985142664191,39594,47384
48: 0.8057145218271595,0.8332878867330886,39727,47675
49: 0.798860657598712,0.8250408342756628,39399,47754
#bmx-trees
05: 0.8360557470403117,1.0242874845105328,12399,12105
06: 0.7745901639344263,1.0742107743050102,13679,12734
07: 0.7654232424677188,1.0846296011088865,14085,12986
08: 0.7397874562319553,1.13493140358812,15056,13266
09: 0.6636660741929935,1.2222562610094203,15959,13057
10: 0.6984393757503001,1.2177286621208558,15537,12759
11: 0.7081028508905234,1.2353034762548722,15529,12571
12: 0.7488039845337178,1.1645846852693056,14357,12328
13: 0.7634770417104801,1.1572763913901039,13495,11661
14: 0.7406696523779057,1.2343279496304407,13527,10959
15: 0.694438069007727,1.2583868665239115,12341,9807
16: 0.6200861100711345,1.3986973392461197,10093,7216
17: 0.45630325540747213,1.844250053339023,8644,4687
18: 0.3978283470024258,1.9243595940067666,7963,4138
19: 0.3949443882709808,1.9668817204301074,9146,4650
20: 0.4729835552075176,1.7641440117560616,12005,6805
21: 0.43051239430512395,1.9087435709037472,12989,6805
22: 0.3781164318051393,2.0257594848103038,14470,7143
23: 0.27455275648046734,2.443366759822456,14863,6083
24: 0.33572130105725345,2.0010384215991692,15416,7704
25: 0.3316991908614945,1.9952895835563644,18638,9341
26: 0.3208955223880597,2.1410161614027676,20269,9467
27: 0.3117257142857143,2.0541777541245345,19299,9395
28: 0.2721594017873427,2.0663809209803277,18802,9099
29: 0.23685547371094742,1.9094801832304322,19175,10042
30: 0.21274434104116716,1.9755708445508027,19813,10029
31: 0.25876683447355964,1.7510814369005079,18621,10634
32: 0.2681961652612239,1.5519006540904352,16371,10549
33: 0.2803676015427837,1.47300652993654,16016,10873
34: 0.2617013196620146,1.5717464925012095,16244,10335
35: 0.2119246455622451,2.1232232232232233,21211,9990
36: 0.20418121398224878,2.0098832930291244,19116,9511
37: 0.17967793150374234,1.8976044568245125,17031,8975
38: 0.12642070292009092,2.0301034807149576,17264,8504
39: 0.07804353223537201,2.170886075949367,17836,8216
40: 0.062016455851651726,2.071022727272727,17496,8448
41: 0.0350097595415092,2.0351966873706004,16711,8211
42: 0.02177689276786849,2.1175025853154086,16381,7736
43: 0.007003060940543549,2.4992747784045126,15508,6205
44: 0.001911001911001911,3.103615355944838,16654,5366
45: 0.0011636754240701786,3.400747590005902,17286,5083
46: 0.0007252289003716798,3.286990291262136,16928,5150
47: 0.0011109136153572697,3.2395558901016184,17215,5314
48: 0.0005276032423617439,2.7491013659237957,15296,5564
49: 0.00017178195144296838,2.4670504168320764,12429,5038
50: 0.00019077901430842608,2.2282430213464695,10856,4872
51: 0.00020419275796351757,2.2127240926978575,10121,4574
52: 0.0003565486094604231,3.3964481587881954,13005,3829
53: 0.003442953816929835,3.7310383431290233,13331,3573
54: 0.0035198082827828953,3.8780487804878048,10653,2747
55: 0.0013560944479897893,4.283249158249158,10177,2376
56: 0.0,4.052718286655684,9840,2428
57: 0.0,4.4414969208905735,9376,2111
58: 0.0,5.7555555555555555,11396,1980
59: 0.0,5.578947368421052,11024,1976
60: 0.0,5.769570011025358,10466,1814
61: 0.0,4.794049008168028,8217,1714
62: 0.001901818614049685,5.081529581529582,7043,1386
63: 0.0,6.507293354943274,8030,1234
64: 0.0,11.439858490566039,9701,848
65: 0.0,9.979101358411704,9550,957
66: 0.00046472720513058836,8.223650385604113,9597,1167
67: 0.0,9.462569832402234,8469,895
68: 0.0,20.503722084367247,8263,403
69: 0.0,74.18446601941747,7641,103
70: 0.0,20.981770833333332,8057,384
71: 0.0,10.269916765755054,8637,841
72: 0.0,6.78671875,8687,1280
73: 0.0014569674263711105,6.577165354330709,8353,1270
74: 0.0005656108597285068,6.572773972602739,7677,1168
75: 0.0015947146599840528,7.310964083175803,7735,1058
76: 0.0,7.678053830227744,7417,966
77: 0.0,6.67953667953668,6920,1036
78: 0.0,7.288610038610039,7551,1036
79: 0.0,8.168483647175421,8242,1009
#breakdance
05: 0.8712623575991644,0.9845436513047734,38219,38819
06: 0.8886140991164041,0.9990088441598048,39309,39348
07: 0.8527736669805821,1.0023263140039256,41363,41267
08: 0.7779847040127136,0.9931800467653936,35679,35924
09: 0.7418438223531888,0.9754722048160416,32691,33513
10: 0.715457620273613,0.9526792127567878,33158,34805
11: 0.622863132996452,0.7486387859128822,25849,34528
12: 0.4742886674897356,0.5800356945042772,18850,32498
13: 0.31887731445704925,0.44707478378836696,13182,29485
14: 0.3179484006681928,0.43713948389273066,12959,29645
15: 0.3375769899507854,0.47363636363636363,14588,30800
16: 0.3212801887045327,0.4561755930400874,15442,33851
17: 0.2807237684141842,0.4172290260768141,15024,36009
18: 0.2701848998459168,0.3986652716115714,14098,35363
19: 0.2841945679266131,0.41573893090847286,14676,35301
20: 0.22203559789420907,0.3992881132129632,13910,34837
21: 0.1312897785997933,0.3774797151846332,11398,30195
22: 0.2631338771319377,0.5341023242924937,15419,28869
23: 0.26352630263204885,0.6380387980925043,13781,21599
24: 0.28550820083419576,0.6785831285831286,16571,24420
25: 0.3397208914809415,0.7528273606758414,22100,29356
26: 0.3596788705100699,0.7742790053585406,25720,33218
27: 0.3603343903142116,0.7983993902439024,27235,34112
28: 0.3227276617596713,0.7919589541422691,27321,34498
29: 0.29303186111051355,0.7880644969358006,26490,33614
30: 0.24465331698678655,0.7126522961574508,22812,32010
31: 0.231460988281341,0.6266502538852131,20363,32495
32: 0.25549632006038875,0.6416718075262183,20803,32420
33: 0.2622207682961024,0.6760161340366119,21788,32230
34: 0.23207094701597214,0.7032056293979672,22485,31975
35: 0.16360234674550747,0.6352452364722303,19570,30807
36: 0.16149658287964785,0.6565669915744259,19871,30265
37: 0.13641994801661525,0.5820032463140808,17211,29572
38: 0.15492093114625283,0.554604349838038,16779,30254
39: 0.1500513874614594,0.5525750718509465,16727,30271
40: 0.20040737507605216,0.5807642735221374,16672,28707
41: 0.249465511421177,0.6393902484036467,17323,27093
42: 0.28774795799299885,0.7350837198333464,18702,25442
43: 0.25626534039529775,0.6481230404203033,15297,23602
44: 0.3614362086403699,0.7637699471196593,16321,21369
45: 0.45036115569823437,0.8660230264856214,16774,19369
46: 0.3796392646548734,1.0123956488742727,16008,15812
47: 0.4771012458326022,0.8780746276981427,15743,17929
48: 0.4538374168424469,0.959433601224646,17549,18291
49: 0.39185339185339185,0.915540719546442,17279,18873
50: 0.5302013422818792,1.1095661265028751,21226,19130
51: 0.5266478828524942,1.282815096131023,21618,16852
52: 0.5540389080137699,1.3705806924345119,22446,16377
53: 0.6000533025363124,1.32835627949066,20551,15471
54: 0.5605018386329224,1.1776744747645496,19507,16564
55: 0.5470684110832122,1.1031199473022337,18421,16699
56: 0.4914623186545128,1.1046560782655956,18292,16559
57: 0.47916746816450584,1.20572543170214,21017,17431
58: 0.5123344400414123,1.2657110766433117,23665,18697
59: 0.5685468417935408,1.3085837350015384,25520,19502
60: 0.5787281592848436,1.3239457681188316,26561,20062
61: 0.5460685777073975,1.3610699832198203,27578,20262
62: 0.5558229371160788,1.4493295448880914,29075,20061
63: 0.5725447532390466,1.4407716317863173,28157,19543
64: 0.5494466682364022,1.4889603328447827,31493,21151
65: 0.5411594800907779,1.4745634376035208,31159,21131
66: 0.5206509192263296,1.4350570307921193,31831,22181
67: 0.5336195346039211,1.4129237652727586,32842,23244
68: 0.5466370648677881,1.3321030042918456,31038,23300
69: 0.5642767745396031,1.3358697103190496,30021,22473
70: 0.594766284251446,1.2765621475298894,28295,22165
71: 0.580261469639699,1.1140285767303766,24014,21556
72: 0.5460987672547427,0.9786500401492608,20719,21171
73: 0.5025582717453099,1.0569034975279252,23087,21844
74: 0.5564209382358268,1.1235110957346908,22732,20233
75: 0.4876092110818799,1.3870127162810089,26614,19188
76: 0.45802787134271183,1.4116233340616124,25844,18308
77: 0.46633285479183445,1.1899905867587073,22755,19122
78: 0.4551955534467566,1.2647291523814548,23978,18959
79: 0.500876525650779,1.2472266244057053,25184,20192
80: 0.491717887279925,1.1603802051901027,23073,19884
81: 0.5300841921904486,1.1437360178970917,22495,19668
82: 0.5542010365720126,1.1233669093447691,22528,20054
83: 0.5739980517673253,1.1621505376344086,24318,20925
#camel
05: 0.9546429541134944,1.0025731254433425,72082,71897
06: 0.9464892027706098,1.007564084605687,71930,71390
07: 0.9426621911627139,1.0111655463142304,71000,70216
08: 0.9400896484101415,1.0057201610333941,69449,69054
09: 0.9383688273565067,1.0085843813980697,68967,68380
10: 0.9345130987970927,1.008236747661352,68548,67988
11: 0.93291187685155,1.0098898993323213,68518,67847
12: 0.9221725311506764,1.0072843694467697,68587,68091
13: 0.9229192002036257,1.0075735207275305,68249,67736
14: 0.9229575198302502,1.0156135715671786,68039,66993
15: 0.9192500569865512,1.0198209814534387,68019,66697
16: 0.917970534490635,1.0182673096278938,67783,66567
17: 0.9144737783501466,1.0142571097360853,67370,66423
18: 0.9019077469122551,1.0017774564297226,66505,66387
19: 0.8914545376846483,1.0001506341698552,66396,66386
20: 0.8892981028649737,0.9954016403328911,66023,66328
21: 0.8784455231467561,0.9874106168949218,65177,66008
22: 0.8761768613180847,0.9844971896383187,64457,65472
23: 0.8590892945940186,0.9963689068578839,65307,65545
24: 0.8610979547900969,0.9891089260787532,64481,65191
25: 0.863430355524222,0.9965161091413597,64644,64870
26: 0.878828189665366,1.0079931757866802,63810,63304
27: 0.8896855140948347,1.000831281271076,63810,63757
28: 0.8870625974866829,1.0031396438612934,64221,64020
29: 0.8756193677378227,1.0104202254868466,65065,64394
30: 0.8697525456347212,1.0186531871675997,65696,64493
31: 0.8615228193782131,1.014411678108196,65461,64531
32: 0.8532176223657616,1.0022447888829502,65632,65485
33: 0.8533034086127087,0.9962830895684758,65938,66184
34: 0.8505344559476612,0.9787731256085687,65338,66755
35: 0.8459742962400517,0.9624790719923463,64386,66896
36: 0.8355524573021959,0.9629198908619224,64584,67071
37: 0.8238409675401404,0.9646301287810721,64418,66780
38: 0.8232654422184557,0.9607799193186912,64305,66930
39: 0.8210756036196327,0.9531284941186994,63933,67077
40: 0.8171438142962828,0.9456575348607811,63273,66909
41: 0.8026993527062388,0.9508756241150608,63799,67095
42: 0.8026478254904651,0.9480933459850551,63947,67448
43: 0.7931712110046671,0.9444773292293122,63824,67576
44: 0.7824441871111949,0.9470634091811669,64388,67987
45: 0.761919906708012,0.9573083660881214,65029,67929
46: 0.7713207748403524,0.9494248488761078,64709,68156
47: 0.755465939192662,0.9467576692047995,64780,68423
48: 0.7432297540802966,0.9555435983945088,65707,68764
49: 0.7324827762184231,0.9570518548410342,66406,69386
50: 0.7130897543709914,0.9544211355337582,66652,69835
51: 0.7064921439812155,0.947906419742526,66489,70143
52: 0.6992456989979811,0.9473392854608167,66741,70451
53: 0.674889781761782,0.9367480088120658,66333,70812
54: 0.6605591666566544,0.9318181818181818,66666,71544
55: 0.6598866650590789,0.9191608001672824,65936,71735
56: 0.6451766611869535,0.9226250139213721,66274,71832
57: 0.6391384556410072,0.9161730314106065,65423,71409
58: 0.6338090037040555,0.914060000834504,65720,71899
59: 0.6323653395784543,0.9188437715072264,66754,72650
60: 0.6223001661436219,0.9148055343719359,67176,73432
61: 0.6160114285714285,0.9135912738689727,67508,73893
62: 0.6124032764226721,0.9194572942937678,68175,74147
63: 0.6073330925833973,0.911901310137457,67933,74496
64: 0.6018355459225142,0.9019515856633514,67291,74606
65: 0.59245481153786,0.8965806279936136,67387,75160
66: 0.5868592554762354,0.8893339149515539,67279,75651
67: 0.5792318855028635,0.877718214506803,66639,75923
68: 0.5667366395521736,0.8948760330578512,67675,75625
69: 0.5593989071038251,0.8897674295401569,67181,75504
70: 0.5517111862309715,0.8627201357946106,65056,75408
71: 0.539689467424631,0.8705311576240407,65672,75439
72: 0.5337021969080553,0.8834634549281889,66311,75058
73: 0.5322748768364806,0.8551236749116607,64372,75278
74: 0.5104837325092283,0.8713026600906637,65542,75223
75: 0.500433521370998,0.8584289028836593,64747,75425
76: 0.4926023005437255,0.822372684113781,62187,75619
77: 0.49112788088925147,0.8362547588832487,63261,75648
78: 0.4861806077526039,0.8255777144666033,62592,75816
79: 0.4759132383372468,0.8133126078537273,61741,75913
80: 0.4672149484920474,0.8105404303987169,61657,76069
81: 0.46436271266036244,0.8075727234401349,61298,75904
82: 0.4466277217206585,0.7951759588770265,60330,75870
83: 0.4409639317936907,0.793700683850605,60353,76040
84: 0.4329553740317655,0.7791568810107982,59385,76217
85: 0.43054009201100774,0.7779460334451653,59593,76603
86: 0.4198756092765262,0.7874413757165191,60444,76760
87: 0.40610241498071725,0.7688545855493579,59271,77090
88: 0.4080354921635293,0.7619300862572151,58741,77095
89: 0.39985085147462945,0.771237267979939,59666,77364
#car-roundabout
05: 0.966626801991079,1.0008385675293499,60869,60818
06: 0.9514793648783422,1.006559778627818,61838,61435
07: 0.9374728749457499,1.0227850149688487,63203,61795
08: 0.9270630772970345,1.0290650243941455,64332,62515
09: 0.9232991110179891,1.0356888276386447,65382,63129
10: 0.9107308252106029,1.0449374557469908,66411,63555
11: 0.9107924550253778,1.0402180158076988,66989,64399
12: 0.9045885870271676,1.0310820177127455,66943,64925
13: 0.9061751896397565,1.024661479076037,66894,65284
14: 0.9172278948511841,1.0091216780244965,66488,65887
15: 0.9171832776982991,1.008340902210112,66611,66060
16: 0.9194863637015063,1.0144992930842582,67450,66486
17: 0.9088537627434115,1.0304780189287697,68703,66671
18: 0.890910094680763,1.0395694698762896,69831,67173
19: 0.8789019501257049,1.0448884813346744,70647,67612
20: 0.8696062440181713,1.0347852877745338,70532,68161
21: 0.8526920105495911,1.0262663345133516,70446,68643
22: 0.8336396093667962,1.0164265712058662,70416,69278
23: 0.8232291001914487,1.011191403163475,70386,69607
24: 0.803311654427206,1.0209961773264107,71580,70108
25: 0.7905937165522886,1.01725018441809,71708,70492
26: 0.7767831468400325,1.0195537871251954,71746,70370
27: 0.7442941880049796,1.0348691516929123,72683,70234
28: 0.7387009439254616,1.0105200812274369,71658,70912
29: 0.7287897502966892,1.0006166092098994,71402,71358
30: 0.7195732031514331,0.9925091010921311,70885,71420
31: 0.7206564524919761,0.9888842223155537,70636,71430
32: 0.7140477984974837,0.9836107086082467,69918,71083
33: 0.7066784705126183,0.9808712787669787,69686,71045
34: 0.6958395191367636,0.977564463461322,69454,71048
35: 0.6737072636573792,0.9497958952262161,67010,70552
36: 0.6879165744361642,0.9578917338278297,67153,70105
37: 0.6868516224299533,0.9207192829968225,64617,70181
38: 0.6976706222138507,0.92520968913319,64971,70223
39: 0.6920297636342964,0.9112144865080838,63857,70079
40: 0.6971072108808753,0.8831631205673759,62263,70500
41: 0.6994178799521967,0.873930170605906,61675,70572
42: 0.6888570839135593,0.8417677911047992,59864,71117
43: 0.6756950856673848,0.8429597032398201,59765,70899
44: 0.6676032266000285,0.832792577413479,58522,70272
45: 0.6706019702753401,0.8277648612187491,57677,69678
46: 0.6595304322607011,0.8191237247478397,56685,69202
47: 0.6525974884335757,0.8129205336426915,56059,68960
48: 0.6469092748376105,0.8211242107122356,55788,67941
49: 0.6249900167718233,0.8145456166949077,54801,67278
50: 0.6359216708764497,0.8053561526818229,53739,66727
51: 0.6319186414554262,0.7994688922610015,52685,65900
52: 0.6343991057998813,0.8002462342873645,52649,65791
53: 0.6287118287118287,0.7853515144053189,51029,64976
54: 0.6161613328471658,0.7755488791310376,50337,64905
55: 0.6064635093167702,0.790426008622155,51154,64717
56: 0.6075403799481128,0.8104147031102733,51591,63660
57: 0.6098920633114805,0.8181029775479395,50940,62266
58: 0.6110680002299247,0.8260904974427469,50717,61394
59: 0.6017794475266844,0.8311193234784925,49927,60072
60: 0.5882895410963918,0.8283904017255325,49160,59344
61: 0.5638170444966949,0.8094863283255194,47308,58442
62: 0.54084938446133,0.8234351038617036,47252,57384
63: 0.5112475334356501,0.8341671101649814,47022,56370
64: 0.5037308978032474,0.8118425547983386,45149,55613
65: 0.48469418140670595,0.8110788231020705,44658,55060
66: 0.4731719527637895,0.8267117034873106,45279,54770
67: 0.4524485605696562,0.837549050312264,45463,54281
68: 0.4378139969622619,0.8396711202466598,44935,53515
69: 0.4296581833048608,0.8504876020562443,45001,52912
70: 0.4298211368007056,0.8882354064427428,46516,52369
71: 0.4070595386262989,0.8912793977473885,45818,51407
72: 0.395179889298893,0.9287037959549667,46607,50185
73: 0.38628941360076297,0.9539288769399975,46836,49098
74: 0.37425537425537425,0.9920325372823027,47563,47945
#car-shadow
05: 0.9691570633173637,0.9793575593502707,37623,38416
06: 0.9659434582511506,0.9755549682875264,36915,37840
07: 0.9487193056731583,0.9724669898492112,36309,37337
08: 0.9430905231480238,0.9826182316655243,35841,36475
09: 0.9391986397169734,0.9848140350877193,35084,35625
10: 0.9080122836404243,0.9597694557550037,33471,34874
11: 0.8826845561913352,0.9669002885917899,32834,33958
12: 0.8622742551130861,0.9853325235347707,32447,32930
13: 0.8307709795674785,0.9938411067438334,32112,32311
14: 0.7847763981980003,1.0508506675925633,33292,31681
15: 0.7791078170885191,1.0281205164992826,32247,31365
16: 0.7614076777277999,1.019132859876123,31427,30837
17: 0.7650761421319797,0.9999671333727733,30425,30426
18: 0.7341535850657616,1.0268769215511258,31062,30249
19: 0.7221182210120263,1.0338670775827414,30863,29852
20: 0.7143959309635387,1.0244634903495748,30361,29636
21: 0.7236420315854484,0.9844585900995463,29075,29534
22: 0.7315611555009219,0.9428640391710631,27344,29001
23: 0.7179985578581057,0.9022806956642483,25992,28807
24: 0.69991031944831,0.9076869685927468,26155,28815
25: 0.6775959743013578,0.9155464006938422,25335,27672
26: 0.6350195542272106,0.8881219019643841,24188,27235
27: 0.5952797769564936,0.841685691829784,22489,26719
28: 0.5794324360164435,0.8179112450871905,21435,26207
29: 0.5712639001898563,0.8003340713980499,20603,25743
30: 0.5181080810440936,0.7966737773564035,20167,25314
31: 0.5024768323504634,0.8032031060422228,19860,24726
32: 0.46822697872907915,0.8452964592499477,20173,23865
33: 0.43153095772853745,0.8712589281801849,19883,22821
34: 0.3908003741314805,0.9259413451753169,20017,21618
35: 0.3666879044968311,0.9456724113238173,19809,20947
36: 0.3235461135050272,0.9508148294027867,19312,20311
37: 0.3091733495753392,0.9811562291976036,19161,19529
38: 0.28704288039326403,1.025350198620113,19617,19132
39: 0.28633098377795013,1.0323440080993234,19374,18767
#cows
05: 0.9669200047184914,0.9798317332157275,57765,58954
06: 0.9702604105374645,0.9832636691317076,58104,59093
07: 0.9647386689807089,0.9809035080339867,58300,59435
08: 0.9602674339315116,0.9779657319303898,58276,59589
09: 0.9547286873144109,0.9729589444779319,58109,59724
10: 0.9495709045034277,0.9687871930265695,57793,59655
11: 0.9500599880023995,0.9717116236752986,57674,59353
12: 0.9500392799237802,0.970160091867063,57449,59216
13: 0.9453157622221109,0.9654392655843936,57210,59258
14: 0.9435301602183122,0.9659774085928635,57040,59049
15: 0.9462610899873257,0.9679106007791676,56646,58524
16: 0.9455141197135523,0.9647273533575534,56561,58629
17: 0.9399952792015106,0.9638011366545491,56472,58593
18: 0.9399321896665148,0.9595331402283183,56315,58690
19: 0.9316906849407102,0.951388771060624,56072,58937
20: 0.9301708997568224,0.9529936436333811,55773,58524
21: 0.92930632790844,0.9497980579187075,55264,58185
22: 0.9327143787043064,0.9540361268422785,55087,57741
23: 0.9349551943848172,0.9535931748598163,55440,58138
24: 0.9329728454955866,0.9525430073678299,55980,58769
25: 0.9283267280177336,0.9488798370672098,55908,58920
26: 0.9279780736630179,0.9506504621704895,55537,58420
27: 0.9232201103198593,0.9457488899255343,54739,57879
28: 0.9227808557275755,0.9449361895284485,54125,57279
29: 0.9226312023317103,0.9458604914065674,53548,56613
30: 0.9165154264972777,0.9420776345391565,52762,56006
31: 0.9145766211573719,0.9416383854429923,52163,55396
32: 0.913763768245724,0.9404191181811579,51787,55068
33: 0.9085326553995989,0.9370741191648647,51570,55033
34: 0.9081825887784731,0.9350195691137203,51125,54678
35: 0.9096918299526032,0.9361674706337224,50847,54314
36: 0.9038654664305147,0.9311577426703461,50276,53993
37: 0.8920307539864579,0.9175763887597403,49339,53771
38: 0.8855925197935228,0.9106527930309178,48923,53723
39: 0.8789388237030478,0.9085151038153062,48482,53364
40: 0.8822469886299673,0.907333117858433,47723,52597
41: 0.8829951727259013,0.9038894184938037,47409,52450
42: 0.8668735307945463,0.8955699828145885,46901,52370
43: 0.8658820896357499,0.9155050930535346,47815,52228
44: 0.8675296575393568,0.9229085042636552,48054,52068
45: 0.8565808762130968,0.9189298043728423,47913,52140
46: 0.8532601666574284,0.918335341480674,48017,52287
47: 0.8493614032493577,0.9215302183557066,47985,52071
48: 0.8488997736465175,0.9204470996338409,47762,51890
49: 0.8449074504697237,0.9169421088238137,47438,51735
50: 0.8360297251718833,0.9161025799713767,47368,51706
51: 0.8345708730673086,0.9182930607187113,47428,51648
52: 0.8250773993808049,0.9134433324317014,47278,51758
53: 0.8175760253295045,0.9116007124603113,47086,51652
54: 0.8097498396407954,0.9160797097231116,47212,51537
55: 0.8001492645988059,0.9097949094279866,47111,51782
56: 0.78854721286537,0.9012416979497545,46815,51945
57: 0.7773284468595981,0.8935949221004039,46458,51990
58: 0.7749923570773464,0.8954180589161578,46628,52074
59: 0.7735753817309946,0.8967398638878714,46513,51869
60: 0.7601353165440584,0.9014811663701756,46621,51716
61: 0.7582378223495702,0.91115782916764,46808,51372
62: 0.7279052475037179,0.8901713953713566,45964,51635
63: 0.7184918078700462,0.888288357600354,46183,51991
64: 0.7115267719133712,0.8842109288363734,46246,52302
65: 0.6971148927463083,0.8795724510414896,46576,52953
66: 0.6878872288343041,0.8763629539269964,46697,53285
67: 0.6782793752932502,0.8622375932020602,46372,53781
68: 0.6727188696685593,0.8660577826062938,47033,54307
69: 0.6706645110201926,0.8591701854231687,46799,54470
70: 0.675860810721157,0.8519584303231365,46482,54559
71: 0.672296189414311,0.8611313868613139,47190,54800
72: 0.6673776417336937,0.8617085098260221,47400,55007
73: 0.6584235684323481,0.8565916164612949,47062,54941
74: 0.6571932607182741,0.8612171447267968,47379,55014
75: 0.6639211117856498,0.8555092033519962,46757,54654
76: 0.6712564829083196,0.872183242380369,46988,53874
77: 0.6671228133810364,0.8534350025661706,46560,54556
78: 0.6498822143698468,0.8344095018097819,45875,54979
79: 0.6487283808535814,0.8378021898601525,46369,55346
80: 0.6481502432401856,0.828608316746463,46209,55767
81: 0.6389496717724289,0.8233630472917338,45998,55866
82: 0.639510082730093,0.8060554279916697,45285,56181
83: 0.6310637685331798,0.8026727475208145,45408,56571
84: 0.6173535170240199,0.7995961814349728,45146,56461
85: 0.611852956102512,0.7944385593220339,44997,56640
86: 0.5947773043847375,0.798372513562387,45033,56406
87: 0.5955730899641918,0.810065606183158,45068,55635
88: 0.5851020085402499,0.7957465106695573,44413,55813
89: 0.5761623627793351,0.808867402321987,45007,55642
90: 0.5777750259275884,0.8236451791816507,46036,55893
91: 0.5567602934990886,0.8195888490322111,45011,54919
92: 0.5416776514740319,0.8185343723703947,44746,54666
93: 0.525842106888141,0.8073948104668386,44154,54687
94: 0.5129587968812598,0.7934864010813378,43441,54747
95: 0.5105646912814148,0.786984528987502,42882,54489
96: 0.5163836179386996,0.7932367505476502,43091,54323
97: 0.5214853200555668,0.8171429636672073,43834,53643
98: 0.5183021269417736,0.8384892487094737,45156,53854
99: 0.5192702082732009,0.8481510912350082,45896,54113
100: 0.5104307369052979,0.8744994319134274,46951,53689
101: 0.504614737095271,0.8699745927365118,46568,53528
102: 0.5097629959012054,0.8658479597749491,46322,53499
103: 0.5072305923640104,0.86952361296133,46343,53297
#dog
05: 0.9234327533830433,0.9786690025805536,41338,42239
06: 0.9279434662833872,0.9705695117770922,39640,40842
07: 0.9088141068071699,0.9381149524167967,34896,37198
08: 0.9100399051529697,0.9394268600622467,31995,34058
09: 0.9024208455071254,0.9497372280615987,31083,32728
10: 0.904345482315594,0.9513901675566194,31002,32586
11: 0.8857588071740659,0.9800134740624298,30548,31171
12: 0.8582997257622197,0.9913566588300373,28674,28924
13: 0.821505649358893,1.0210585625242103,28995,28397
14: 0.8086240907409691,1.0907503741181501,30613,28066
15: 0.7759734379716269,1.104965655409273,30886,27952
16: 0.7453723946946509,1.161630383768367,32176,27699
17: 0.7364884863552951,1.123764705882353,31044,27625
18: 0.7190181542233378,1.1482710825795157,31481,27416
19: 0.733642527959609,1.1509214072401486,31602,27458
20: 0.7317145395321291,1.1638422260045882,31454,27026
21: 0.7121978482604443,1.277732342007435,34371,26900
22: 0.7310578686975374,1.2673656618610747,34812,27468
23: 0.7851836626831489,1.1691105640586534,32769,28029
24: 0.7469065450993162,1.2336837722494014,35556,28821
25: 0.6547722521083418,1.3901330076004343,40970,29472
26: 0.6826051918239762,1.3365775908844275,39413,29488
27: 0.7549526504843801,1.1517082610436407,34519,29972
28: 0.7180199356245457,1.1549506723537264,35472,30713
29: 0.7274252313176588,1.1311279265295564,34979,30924
30: 0.7115424377132223,1.1475175925025132,35386,30837
31: 0.6986170720076299,1.224713191545314,37257,30421
32: 0.675492159640467,1.3023326061419702,38803,29795
33: 0.6600522813688213,1.3153795160755717,39685,30170
34: 0.6619553539453265,1.2374325019285164,38499,31112
35: 0.6443613374293219,1.2544788646421485,41103,32765
36: 0.5946666666666667,1.3075978600871168,44729,34207
37: 0.5787242143153815,1.39247311827957,53095,38130
38: 0.5771053652448177,1.3220094862052696,53236,40269
39: 0.596878162125698,1.201415618299708,46508,38711
40: 0.5652043056440762,1.294609255366088,49880,38529
41: 0.5391859200207823,1.3758803037517857,54899,39901
42: 0.5397704848356052,1.3604272350723694,58463,42974
43: 0.538287579937398,1.2937248771773113,57933,44780
44: 0.5395775941230486,1.2242465783713268,55369,45227
45: 0.5346530091988267,1.172057033559381,53924,46008
46: 0.5244061325899891,1.0819556806190644,52292,48331
47: 0.5135449383909156,1.0162331784442702,50520,49713
48: 0.5142438022590582,1.0773998792513584,53536,49690
49: 0.5307915748295844,1.1213034507868442,55435,49438
50: 0.5037504013075329,1.066250927392673,53175,49871
51: 0.5589518275302751,0.9086316925983766,47128,51867
52: 0.5925112348246026,0.7684816207962459,41269,53702
53: 0.5787495053423031,0.7894481095931374,42241,53507
54: 0.5437115749525616,0.8441841064887019,46550,55142
55: 0.4846909903201787,0.7523288923260801,42803,56894
56: 0.527368556784114,0.6855989184958554,38543,56218
57: 0.5857571092927165,0.6886085996273035,39909,57956
58: 0.6195128021653237,0.7355471094218844,44124,59988
59: 0.5841507603208054,0.6978210356986172,42946,61543
#drift-chicane
05: 0.7660088602496979,0.9850611136260752,2176,2209
06: 0.7140229885057471,0.8185365853658536,1678,2050
07: 0.48205854579792257,0.5047938638542665,1053,2086
08: 0.16515513126491646,0.1758188824662813,365,2076
09: 0.027390900649953576,0.02786809103576405,60,2153
10: 0.006593406593406593,0.006593406593406593,15,2275
11: 0.001325088339222615,0.001325088339222615,3,2264
12: 0.0,0.0,0,2340
13: 0.0,0.009302325581395349,24,2580
14: 0.0,0.022447501810282405,62,2762
15: 0.0,0.04289091523134076,127,2961
16: 0.0,0.045105566218809984,141,3126
17: 0.0,0.029715358148264,95,3197
18: 0.0,0.04124685138539043,131,3176
19: 0.0,0.05118228075426519,171,3341
20: 0.0,0.023809523809523808,84,3528
21: 0.0,0.040187173135150016,146,3633
22: 0.0,0.04552715654952077,171,3756
23: 0.0,0.03324937027707808,132,3970
24: 0.0,0.017027487229384578,70,4111
25: 0.0,0.011029411764705883,48,4352
26: 0.0,0.013592233009708738,63,4635
27: 0.0,0.01291551979673936,61,4723
28: 0.0,0.0234093637454982,117,4998
29: 0.0,0.025705939629990262,132,5135
30: 0.0,0.019093972295020592,102,5342
31: 0.0,0.015242242787152967,84,5511
32: 0.0,0.014872521246458924,84,5648
33: 0.0,0.010934744268077601,62,5670
34: 0.0,0.01420405335181015,82,5773
35: 0.0,0.018739352640545145,110,5870
36: 0.0,0.009587888982338099,57,5945
37: 0.0,0.0110573600552868,64,5788
38: 0.0,0.01670814077497334,94,5626
39: 0.0,0.012887029288702929,77,5975
40: 0.0,0.005707297187117815,42,7359
41: 0.0,0.009574228429826538,85,8878
42: 0.0,0.005417522884363908,58,10706
43: 0.0,0.0024436386567870095,31,12686
44: 0.00027369141293191924,0.0034319445397762373,50,14569
45: 0.0004257648561523022,0.004028812110853376,66,16382
46: 0.00011026574043444702,0.003651654310058648,66,18074
47: 0.00020511768627249884,0.005101514995362259,99,19406
48: 0.0,0.006514503090822635,137,21030
49: 0.0,0.0046634403871535415,106,22730
50: 0.0,0.007824020973291823,191,24412
51: 0.0,0.006782796361954679,176,25948
#drift-straight
05: 0.8758090614886731,0.9121649484536083,6636,7275
06: 0.8613040828762949,0.9390553580497715,7396,7876
07: 0.8444744541976142,0.9241606010800657,7872,8518
08: 0.8277599142550911,0.8935154341550078,8047,9006
09: 0.7710003818251241,0.8257232828183428,8391,10162
10: 0.7335599892636665,0.7881136950904393,8540,10836
11: 0.7375406962183821,0.8008305935282921,9256,11558
12: 0.7214626142667396,0.775852341420166,9626,12407
13: 0.6612096082356306,0.6977423832834077,9550,13687
14: 0.6499516507804945,0.6867674057336535,9726,14162
15: 0.6276097430406852,0.6563159686755192,9638,14685
16: 0.6159746434231379,0.653177691309987,10072,15420
17: 0.5844972067039106,0.6190759350657074,10411,16817
18: 0.5769997306760032,0.6174244516877521,11176,18101
19: 0.5483354192740926,0.5780396959028522,11329,19599
20: 0.5641929090508698,0.608979295972455,13442,22073
21: 0.5274874889608479,0.5869332517776589,15353,26158
22: 0.52719836400818,0.5585933423771262,16059,28749
23: 0.47545227326826944,0.4971468252770146,16466,33121
24: 0.43659275801563246,0.454535666218035,16886,37150
25: 0.43487413777658335,0.4593868160903831,20168,43902
26: 0.4287167562854236,0.44464270719623816,21181,47636
27: 0.40833364957686613,0.4276756174501808,22234,51988
28: 0.4004476213609077,0.41975938368452526,23865,56854
29: 0.35214149978073384,0.36381507814291797,22208,61042
30: 0.2859237079317551,0.31034373162553436,19529,62927
31: 0.21705219454329774,0.26971211113345606,17435,64643
32: 0.19200919804541536,0.26256669924848175,16386,62407
33: 0.15595340496566604,0.18139285394999552,12174,67114
34: 0.1626833667050086,0.17341454675743462,12100,69775
35: 0.1210289445817155,0.12732946814174997,8609,67612
36: 0.08136979142650744,0.09121506343642398,5881,64474
37: 0.011791837962498747,0.012218120536072546,609,49844
38: 0.0003140172467934008,0.0006524102935846322,27,41385
39: 0.000453857791225416,0.001120261596221388,37,33028
40: 0.00033311125916055963,0.002002002002002002,54,26973
41: 0.0,0.009095614878355394,123,13523
42: 0.0,0.021000348553502964,241,11476
43: 0.0,0.031934516947198524,277,8674
44: 0.0,0.0,0,7507
45: 0.0,0.0,0,3636
46: 0.0,0.0,0,3251
47: 0.0,0.0,0,2824
48: 0.0,0.0,0,2661
49: 0.0,0.05458908218356329,182,3334
#goat
05: 0.9245767060030785,0.9550928592982745,34816,36453
06: 0.9140394894731101,0.9530276046304541,34248,35936
07: 0.8995830721857373,0.9498475567117004,33958,35751
08: 0.908331271817707,0.9366509526067672,33578,35849
09: 0.9035053608132881,0.9362038763632254,33136,35394
10: 0.9026566502604841,0.9410382898754992,32048,34056
11: 0.8949272165857962,0.9337674809435208,31115,33322
12: 0.8660944721205209,0.9205608919912284,29805,32377
13: 0.8499125821426419,0.9241550134821597,29475,31894
14: 0.8213317264236216,0.9249753208292202,29047,31403
15: 0.7773076461409194,0.9015314476514592,28080,31147
16: 0.7578216925629808,0.8964585638955798,27541,30722
17: 0.7783983397424159,0.9159898727517838,27858,30413
18: 0.7049599711069644,0.876043184527752,26453,30196
19: 0.5826113671274962,0.7479556173865834,22043,29471
20: 0.47781664212076586,0.6206803728254652,18446,29719
21: 0.35387685800244256,0.5412343167175314,15961,29490
22: 0.3298731593526753,0.5506595947232422,16196,29412
23: 0.3313124108416548,0.5111830786357656,15153,29643
24: 0.3249290981281906,0.5451298164379031,16482,30235
25: 0.23504895663840597,0.4329954954954955,13073,30192
26: 0.26318061471163806,0.455676052134116,13740,30153
27: 0.291171721831392,0.48450293366924124,14616,30167
28: 0.30333390420734146,0.5144610281923715,15511,30150
29: 0.30237769564331657,0.49683914774057597,14854,29897
30: 0.2828314542600257,0.4779834917294222,14535,30409
31: 0.29383207991918286,0.48277858176555716,15012,31095
32: 0.27732426935614185,0.46032807771938206,14452,31395
33: 0.2598043291483052,0.4742799688635184,14623,30832
34: 0.23688282458854973,0.447741043203372,13597,30368
35: 0.24813628504209304,0.43168812589413447,13277,30756
36: 0.20855088707252398,0.41106252593278225,12879,31331
37: 0.19591291572058234,0.3998624183108721,12788,31981
38: 0.1722181896389494,0.33371058024653594,10910,32693
39: 0.1634993270524899,0.32082505729564553,10499,32725
40: 0.15551954294503803,0.29283958205285804,9529,32540
41: 0.14888876510889545,0.2643128601201422,8624,32628
42: 0.13261559696342304,0.2566309341500766,8379,32650
43: 0.15246105215624295,0.2686094196595004,8646,32188
44: 0.1736229950401717,0.27090269489289526,8625,31838
45: 0.22526810636109887,0.33228970320437046,10401,31301
46: 0.23756000468329236,0.3457682146608524,10863,31417
47: 0.2553853377942126,0.3571927152738118,11258,31518
48: 0.30734541670280113,0.43067286703995444,13614,31611
49: 0.3705376040637787,0.5317290102819655,16859,31706
50: 0.4601091958951491,0.6088380736401147,19330,31749
51: 0.5500345861194375,0.6897602664404436,21953,31827
52: 0.6613162118780096,0.7584319154291468,24106,31784
53: 0.6882879698362201,0.7882125362703192,25263,32051
54: 0.715038723166171,0.8362707696188164,26524,31717
55: 0.7395975185353306,0.846788961351881,26358,31127
56: 0.7510276532137519,0.8588099173553719,25979,30250
57: 0.7490011237357972,0.8738838165947627,26130,29901
58: 0.7562993249025387,0.8741502350593567,25846,29567
59: 0.7665306896878854,0.887072256190251,26260,29603
60: 0.7673118822823581,0.8863199757338815,26298,29671
61: 0.7585165188327548,0.8800852116547554,25614,29104
62: 0.772659379455496,0.8803428036440891,24448,27771
63: 0.7903092561330411,0.887386875686319,23435,26409
64: 0.8175479798906462,0.9048534728097839,23528,26002
65: 0.8178807947019867,0.8992847702713208,23135,25726
66: 0.8230160491087938,0.9200778967867576,23623,25675
67: 0.8241010322531857,0.8849685460868206,22649,25593
68: 0.8300300300300301,0.8868333462342286,22914,25838
69: 0.815953484836969,0.8703276057771341,22236,25549
70: 0.8293538030040226,0.9146388567014291,23680,25890
71: 0.8326945754716981,0.9060248351985283,23640,26092
72: 0.830322814653609,0.8977097514196533,23871,26591
73: 0.8140710883107365,0.8866615853658537,23266,26240
74: 0.7851156926727973,0.8546442192857419,22184,25957
75: 0.7574514829732699,0.8407609112525888,21922,26074
76: 0.7610165109149337,0.8491971142657668,21894,25782
77: 0.7675201657662991,0.8465731184042676,21900,25869
78: 0.7770753860127158,0.8860227491806439,22979,25935
79: 0.7795615708577806,0.8855791601510355,23219,26219
80: 0.782051282051282,0.884905945455919,23427,26474
81: 0.7753283635072773,0.9075062933862232,23793,26218
82: 0.7714630339151411,0.8844441089893577,23436,26498
83: 0.7444279846474985,0.9053099948518055,24619,27194
84: 0.7212720382270555,0.89775823856411,24709,27523
85: 0.6996836136954547,0.9318877732678202,26173,28086
86: 0.6622488880928927,0.9143004468889653,26597,29090
87: 0.6412795351457117,0.8886500869921196,26049,29313
88: 0.6093922973839072,0.8690033155152581,25686,29558
89: 0.5729874115540905,0.8453512017868453,25358,29997
#gold-fish
05: 0.9241378580350149,0.9624843459860949,89153,92628
06: 0.9222224584378588,0.9601222671450405,88578,92257
07: 0.9140402360344517,0.9631645858460736,88641,92031
08: 0.9011224339093191,0.9577734082193566,88164,92051
09: 0.9003330312164071,0.9724017983132609,88896,91419
10: 0.9000264900662251,0.9725971640099886,88412,90903
11: 0.9000171020565223,0.9790910507916007,87940,89818
12: 0.8941537339525306,0.9787236426378649,87355,89254
13: 0.8902213922561285,0.9838673131825804,86844,88268
14: 0.8882307075870135,0.9891962808738806,86708,87655
15: 0.8910571938842183,0.9906458490955361,86418,87234
16: 0.8923317546948999,0.9950646325572814,86293,86721
17: 0.891402216865348,1.0025872618145795,86027,85805
18: 0.8872347024679871,1.0003992062839766,85203,85169
19: 0.8839548110983227,0.9994426128412514,84275,84322
20: 0.8790317195325542,1.009438341327557,84812,84019
21: 0.8819277651861124,1.0116314108358946,83930,82965
22: 0.8767731190127541,1.0188540852522094,84733,83165
23: 0.8666547701367358,1.026713166466863,84787,82581
24: 0.8687019641332194,1.0216254983954098,84043,82264
25: 0.8614201025777659,1.0242539115317753,84841,82832
26: 0.8628615673911841,1.0304546495786262,85469,82943
27: 0.85791568623139,1.0301573951700107,85740,83230
28: 0.8520349607133398,1.0187410534925962,84691,83133
29: 0.8438460862689976,1.0211372718956138,84832,83076
30: 0.842357906707197,1.0233326128203282,85217,83274
31: 0.8341909223561939,1.0283048626613607,84757,82424
32: 0.8448001754289787,1.0329736718098668,85492,82763
33: 0.8353829974459683,1.040516356868453,87214,83818
34: 0.825209355439012,1.0389190083035091,87958,84663
35: 0.8174035117572612,1.040612834658833,87143,83742
36: 0.8181673964084015,1.0444410089310137,87826,84089
37: 0.8200080853313431,1.048536326406795,89869,85709
38: 0.8085916758567169,1.0750864038427743,91764,85355
39: 0.7960812697099726,1.0991395978344933,90956,82752
40: 0.7990084346081531,1.1038595715408805,89863,81408
41: 0.7933850595065624,1.0908988539112157,87189,79924
42: 0.7832835885928411,1.0834743875278396,85134,78575
43: 0.7661149343895909,1.0797232681458706,82872,76753
44: 0.7611796389267547,1.0846517119244392,82683,76230
45: 0.7461312416898512,1.0831378299120236,81257,75020
46: 0.7430755930795226,1.065454255191773,80087,75167
47: 0.7309658962922918,1.0612518608924237,79128,74561
48: 0.7212851856005383,1.063718503778202,79113,74374
49: 0.6937496477484079,1.0682578354048808,77610,72651
50: 0.6726582307263776,1.0583988583261046,75648,71474
51: 0.6401376959937786,1.0495919738177244,73441,69971
52: 0.6295995794670202,1.0547094506001182,73200,69403
53: 0.6283337947582134,1.0355757444660754,71812,69345
54: 0.624290736937376,1.0289743738404453,70991,68992
55: 0.615675243049834,1.0398092011412268,69975,67296
56: 0.5977943177649718,1.0334317209806638,68624,66404
57: 0.5968513733371614,1.0558456159805325,68555,64929
58: 0.587149475737625,1.0681558210472801,67234,62944
59: 0.5785315233485548,1.0936891441396839,66271,60594
60: 0.5667171717171717,1.1226542586858717,65627,58457
61: 0.5548322483725588,1.147226753670473,64699,56396
62: 0.5399064084232419,1.1754659810852999,64010,54455
63: 0.5344097862573138,1.1812523576009053,62630,53020
64: 0.510081940874036,1.2167298885591304,61906,50879
65: 0.5031335630375213,1.26351268537811,61854,48954
66: 0.5247723845165615,1.2808681302613163,61319,47873
67: 0.5326263824154003,1.2810261672652643,62418,48725
68: 0.5150840088034785,1.2377752670908406,62447,50451
69: 0.4856594279661017,1.3351996003829663,64151,48046
70: 0.4779757074248008,1.3506199483729,63833,47262
71: 0.4966596855862782,1.314224226275876,64121,48790
72: 0.4909015339455261,1.286664807362843,64588,50198
73: 0.4720679973065342,1.2765944905096869,64971,50894
74: 0.4632623862039276,1.2794729679086372,64868,50699
75: 0.4772828649716434,1.3183463669273385,65916,49999
76: 0.48954993092434634,1.3316403460042854,67120,50404
77: 0.4820458641476602,1.3606343172774247,68727,50511
#horsejump-high
05: 0.9119109637698318,0.9522063268184566,23629,24815
06: 0.8709677419354839,0.9088785046728972,22562,24824
07: 0.8567143246717831,0.9103735770402437,22712,24948
08: 0.8622062766125217,0.9173127663892835,22598,24635
09: 0.8448125198601844,0.8922387451619475,21900,24545
10: 0.8385015017452715,0.8748758278145695,21137,24160
11: 0.8216371896803505,0.8843942763627208,21076,23831
12: 0.8123866820504367,0.8780904393868226,20564,23419
13: 0.7755284917111319,0.8870562770562771,20491,23100
14: 0.7552899766708959,0.8872167216721673,20162,22725
15: 0.6859494506347789,0.892074419415276,20474,22951
16: 0.6232897537245363,0.889744270418547,20110,22602
17: 0.5825453186320314,0.9033084599478558,20095,22246
18: 0.5609440791903672,0.9150353452963567,20193,22068
19: 0.5624339588267444,0.9375988432515476,20750,22131
20: 0.5243029945419678,0.9011545007129387,19592,21741
21: 0.47682313649209085,0.8572417612849627,18573,21666
22: 0.42995326594935335,0.8298178109498864,17900,21571
23: 0.3995160048399516,0.8088716174588882,17068,21101
24: 0.3930320017029731,0.8364826941066417,17884,21380
25: 0.3953315912140688,0.8609240333443225,18280,21233
26: 0.3971288414370221,0.9186645531999208,18546,20188
27: 0.36751344995902663,1.0028177833437695,19218,19164
28: 0.3579288733420784,1.0395687390542907,18995,18272
29: 0.34116504155722666,1.1177773990114197,19674,17601
30: 0.290248940102185,1.1362491000719943,18939,16668
31: 0.3039957378795951,1.2420763358778626,20339,16375
32: 0.2663569224368087,1.274159402241594,20463,16060
33: 0.24467418546365916,1.289766905737705,20141,15616
34: 0.2510570645739607,1.3495965948796138,21244,15741
35: 0.2330378565715809,1.3615649731937707,21333,15668
36: 0.2234024089694193,1.2890822887575502,19848,15397
37: 0.18879497878107057,1.2414604626143089,18463,14872
38: 0.16747337850919652,1.2203653873389038,17234,14122
39: 0.15952469365020425,1.2201208674013508,17161,14065
40: 0.16473413636534204,1.259518089830385,17302,13737
41: 0.14823791935980302,1.2531330212894458,16599,13246
42: 0.1299285312776038,1.178341976933199,15223,12919
43: 0.12396329981169117,1.16008316008316,15066,12987
44: 0.1130352124318069,1.0600474259925037,13858,13073
45: 0.10891131446164372,1.0255408888541748,13130,12803
46: 0.09661900908191709,0.8801356663840284,11418,12973
47: 0.08993330094085428,0.8415553399507426,11276,13399
48: 0.0897447460990349,0.7453232213795594,10319,13845
49: 0.07449869821404102,0.6620036738731101,9370,14154
#judo
05: 0.96864657725135,0.9940795922368163,50708,51010
06: 0.9663245481484389,0.9961749178205,50003,50195
07: 0.9616909112529233,0.992130738422525,49296,49687
08: 0.9506282216494846,0.9928002797605578,48263,48613
09: 0.944607732308388,0.9966023720086101,47225,47386
10: 0.938251148352455,1.0031214098367762,46277,46133
11: 0.9061327713382508,0.9760978807078873,44676,45770
12: 0.9016115534001417,0.9778814391572181,43813,44804
13: 0.8876443293406712,0.9840754939545857,43381,44083
14: 0.8791425133982281,0.9897852824682093,42732,43173
15: 0.8253313438076012,0.9300232018561485,40084,43100
16: 0.8013243585821058,0.8918267575569786,38856,43569
17: 0.7711026615969582,0.8557768924302789,38664,45180
18: 0.7430195308463367,0.8358257689544831,38397,45939
19: 0.7345316142916924,0.8268516380884421,39397,47647
20: 0.7194776250708687,0.7922525166075722,38879,49074
21: 0.7124704380795075,0.789276538997078,40246,50991
22: 0.7363870493009566,0.8275281225193131,42741,51649
23: 0.7158369588474431,0.8041057367829021,42891,53340
24: 0.6768333591371213,0.7510868393633456,41810,55666
25: 0.7345301819978588,0.8069386774647404,47030,58282
26: 0.7507524392260625,0.8176324147995536,47623,58245
27: 0.710813587619598,0.7881172502894344,46971,59599
28: 0.7408584785380365,0.8102207845008926,45835,56571
29: 0.7753059755219582,0.862743616860553,45684,52952
30: 0.7760380014074595,0.8606922991853135,46696,54254
31: 0.7508576186511241,0.8279639063233479,47622,57517
32: 0.7637712570856953,0.8247378225472609,47815,57976
33: 0.7593386507145231,0.8273243471807529,47936,57941
#kite-surf
05: 0.7965752682345291,0.9708714778266556,8166,8411
06: 0.7853763440860215,1.0,8302,8302
07: 0.7793118096856415,1.027102238354507,8489,8265
08: 0.762377282803758,1.05704780680138,8579,8116
09: 0.7606704143243807,1.040907445396404,8626,8287
10: 0.7600917909669344,1.0305655836341756,8564,8310
11: 0.7794430272108843,1.0765318779459192,8679,8062
12: 0.7873576055394237,1.1085638998682477,8414,7590
13: 0.8025331030512378,1.0878901040277407,8157,7498
14: 0.7942988283609131,1.096979107848673,7771,7084
15: 0.7888024486672618,1.1628373168851196,7541,6485
16: 0.7406194913120121,1.2343623727169872,7637,6187
17: 0.7516313756825144,1.2270572299356586,7247,5906
18: 0.7396799784859487,1.2380211036152915,7157,5781
19: 0.7553191489361702,1.2109603160968905,7049,5821
20: 0.7594047126911947,1.2101436731867752,6991,5777
21: 0.7543884090275843,1.2276667256324076,6940,5653
22: 0.7476701496752329,1.2284839755131436,6823,5554
23: 0.7283437283437283,1.25864879550806,6949,5521
24: 0.6875995751460435,1.3525818989450304,7308,5403
25: 0.6558324768756424,1.3970615584898642,7512,5377
26: 0.631592039800995,1.4671807410193718,7801,5317
27: 0.6478405315614618,1.4086664176316772,7542,5354
28: 0.6391686031500129,1.4426702577914583,7499,5198
29: 0.6540845846535336,1.3378115264797508,6871,5136
30: 0.6550075146877988,1.3406763285024155,6938,5175
31: 0.6542781861045625,1.3584420719652037,6871,5058
32: 0.6745350500715308,1.2852401405700897,6583,5122
33: 0.6934658235471244,1.3105998356614625,6380,4868
34: 0.7102066572014514,1.2808752366926153,6088,4753
35: 0.644009016819837,1.01039016115352,4765,4716
36: 0.4190923883565359,0.6926892387319388,3212,4637
37: 0.3760047049598118,0.5762407365820795,2566,4453
38: 0.2786436394271272,0.39820359281437123,1729,4342
39: 0.12205611304525907,0.24522727272727274,1079,4400
40: 0.0341991341991342,0.10422925814652184,451,4327
41: 0.029418472063854048,0.08379351740696278,349,4165
42: 0.02751646284101599,0.07030867221950024,287,4082
43: 0.026016260162601626,0.09007897334649556,365,4052
44: 0.008270158511371467,0.13528194516295913,523,3866
45: 0.0,0.12718964204112718,501,3939
46: 0.0,0.08444444444444445,323,3825
47: 0.0,0.04457262716308338,170,3814
48: 0.0002532286654849329,0.05277185501066098,198,3752
49: 0.0,0.06712328767123288,245,3650
#lab-coat
05: 0.9629578911331735,0.9834647848346478,28430,28908
06: 0.9652013444935083,0.989126446749608,29655,29981
07: 0.9603944945538528,0.9841741163091892,31156,31657
08: 0.9563326528800923,0.9830264499490193,32780,33346
09: 0.9510896969017872,0.9782435810043172,34442,35208
10: 0.9522965393163297,0.980646893034492,36534,37255
11: 0.9441383760174707,0.9856791625478417,38888,39453
12: 0.9472089389706927,0.9791150357306129,40693,41561
13: 0.9502701733144997,0.9862988673730362,43192,43792
14: 0.9480255874031246,0.9810471007693751,47052,47961
15: 0.9441391941391941,0.9778980336187758,49333,50448
16: 0.9408557501354035,0.9743980605704421,53055,54449
17: 0.9384547010797999,0.9687876153537515,57949,59816
18: 0.9348470042142552,0.9675025230960329,62312,64405
19: 0.8991318381657298,0.9220219656434807,65482,71020
20: 0.8667294141588868,0.8856768424298489,68934,77832
21: 0.861190434220577,0.8770281000746649,74001,84377
22: 0.8630055445937456,0.8768670390565136,78961,90049
23: 0.8498967037710832,0.8655044102861763,83503,96479
24: 0.8102885164284979,0.8248556658239312,87438,106004
25: 0.7832301709262296,0.7937168615395244,91914,115802
26: 0.7549610442811114,0.7657274204414853,96608,126165
27: 0.7104945117442985,0.719221150410861,100655,139950
28: 0.6661628284138826,0.67116059054324,103150,153689
29: 0.6128422082726687,0.6174168531661022,103179,167114
30: 0.5610075309723717,0.5626887546633506,101356,180128
31: 0.5120721970142353,0.5152319281355113,102323,198596
32: 0.4538286629598262,0.4648866503413476,100237,215616
33: 0.39632110570457696,0.4096387090142872,95649,233496
34: 0.3575552458690026,0.3685680912298448,91821,249129
35: 0.3232412742465836,0.3360581462642015,88265,262648
36: 0.3003260204875472,0.31387058797721507,85848,273514
37: 0.29506890443023115,0.3095237238814291,86051,278011
38: 0.292450379207135,0.3065443425076453,85204,277950
39: 0.2972039780974691,0.3114958353160837,85752,275291
40: 0.29827688001574426,0.3124640778129836,84809,271420
41: 0.30854684675656313,0.3221699263065124,85905,266645
42: 0.31582528183414543,0.32945852534562214,85791,260400
43: 0.31830151031314785,0.3319160140055252,84463,254471
44: 0.3315762129326193,0.3443687232437187,85348,247839
45: 0.33817636096772596,0.35099855980952854,84326,240246
46: 0.3439319473936571,0.3576547315794709,82698,231223
#libby
05: 0.934936821103968,0.9698713608666215,17190,17724
06: 0.927104553212575,0.9679523220510514,17216,17786
07: 0.8741635873364626,1.0512652347379352,19235,18297
08: 0.8144086618545253,1.1219155844155844,20733,18480
09: 0.757503778881451,1.1829739298358546,22053,18642
10: 0.6795019598801014,1.301179443976411,24712,18992
11: 0.6225983858295836,1.4074603931542415,26563,18873
12: 0.5991328340559716,1.535048852533515,27023,17604
13: 0.5958780410071178,1.556501021102791,27438,17628
14: 0.5910628700310121,1.491886521691136,27030,18118
15: 0.5915130888156703,1.489296636085627,26298,17658
16: 0.5890137590589224,1.4747546346782987,27047,18340
17: 0.558918738528283,1.5740026449195503,28565,18148
18: 0.543490479870723,1.6140528319847691,27129,16808
19: 0.5440278675572793,1.60623143601867,26498,16497
20: 0.5783818188625557,1.5287625217443466,25486,16671
21: 0.5981304816125558,1.521546491866958,25069,16476
22: 0.6409350251213489,1.3624716483785937,22226,16313
23: 0.7491916413300517,1.1602694004052927,19467,16778
24: 0.7437808157776782,1.183763682290205,16871,14252
25: 0.7457060443162449,1.0951219512195123,13919,12710
26: 0.7919928581238841,0.9835056248099726,12939,13156
27: 0.8013489083576693,0.9989969135802469,12947,12960
28: 0.8324611188914277,0.9637440758293839,12201,12660
29: 0.8062581686784039,0.9844581468029394,11655,11839
30: 0.7730036481556546,0.966726618705036,10750,11120
31: 0.764659754291191,1.0501062860613422,10374,9879
32: 0.6474794422595638,1.3161598391555667,10474,7958
33: 0.4955367023238657,1.7134252442778743,12801,7471
34: 0.3890202258996585,2.1589008363201914,14456,6696
35: 0.3453502151811888,2.461168164313222,15338,6232
36: 0.32062051627935495,2.6449483838212897,15629,5909
37: 0.2693205475995205,3.114519427402863,15230,4890
38: 0.26362696977525185,3.3201589754912786,15037,4529
39: 0.3183417380086783,2.8897923875432525,16703,5780
40: 0.3344353575778667,2.6864284569780486,16766,6241
41: 0.3379717116188513,2.702852614896989,17055,6310
42: 0.29539566650965615,2.9712996389891697,16461,5540
43: 0.2587902630931891,3.321164802700992,15739,4739
44: 0.24231167407587845,3.384268214055448,15747,4653
45: 0.2593169637292783,3.428446197676967,15644,4563
46: 0.2512241300515767,3.418953193451695,14828,4337
47: 0.20899470899470898,3.7038796516231196,14034,3789
48: 0.23083391730903993,3.7832244008714597,13892,3672
#loading
05: 0.9604533089787781,0.9816851634934186,98893,100738
06: 0.9561684290749738,0.9862930217260926,101961,103378
07: 0.9316363702930786,0.9942263170328373,105214,105825
08: 0.9162854977486514,1.003178301798863,107631,107290
09: 0.8950730558825566,1.0177319017556794,110429,108505
10: 0.880359992232813,1.0224012058695335,112595,110128
11: 0.8662928246899431,1.03207979391919,115788,112189
12: 0.840424172735403,1.0150375939849625,116100,114380
13: 0.8042434195237579,1.0000429346706052,116461,116456
14: 0.7734151913192462,0.9888003101193286,117335,118664
15: 0.7184637634581391,0.9517512568233478,114726,120542
16: 0.6451520206338749,0.917077752368507,112287,122440
17: 0.5578220776427573,0.8535647167019873,106734,125045
18: 0.4705558969052162,0.7889345229665298,100272,127098
19: 0.4010174254494361,0.7408922976196044,95055,128298
20: 0.34144605750071166,0.713297767239676,90250,126525
21: 0.3106379664631772,0.7080831661214387,90692,128081
22: 0.28289747523398384,0.6889115033856511,88005,127745
23: 0.2666225329968141,0.6697653035781075,85955,128336
24: 0.25869067045260413,0.6600677502563943,84956,128708
25: 0.2537735849056604,0.6369929759185488,81709,128273
26: 0.26728804445241083,0.644487517444565,83126,128980
27: 0.2876567972936563,0.6609232242568408,85577,129481
28: 0.2937970828658439,0.6760023992986666,87906,130038
29: 0.3066569945204494,0.6889951411544989,88910,129043
30: 0.3232556023895442,0.7244690688649494,91662,126523
31: 0.3461328401375321,0.7562794539182821,93399,123498
32: 0.37788106700037033,0.8163088394953669,96993,118819
33: 0.40599701921751175,0.8522817700584714,98534,115612
34: 0.439596049422639,0.9061998215878679,101585,112100
35: 0.4620739466895959,0.9411753961368099,103054,109495
36: 0.5060146012595198,0.9495557492904974,102383,107822
37: 0.5248094662139516,0.9600816724112093,102506,106768
38: 0.5414423307011247,0.9494604639726119,100395,105739
39: 0.5648537809972788,0.9636498302247959,100182,103961
40: 0.5754524157665519,0.9710354459262757,98731,101676
41: 0.5653056709908828,1.0037318338575432,99248,98879
42: 0.574089049182449,1.0060287525119802,97620,97035
43: 0.5446024352373948,1.0101350632776773,94983,94030
44: 0.5169448083385544,0.9807377658783282,92309,94122
45: 0.5306847150617766,0.9800560495596106,93023,94916
46: 0.5168191182529872,0.9741733432006607,90829,93237
47: 0.5087388355327368,1.0076395861527043,92328,91628
48: 0.5172512844081874,0.9959297806184142,92247,92624
49: 0.5264446781934127,1.0103684142170657,93354,92396
#mbike-trick
05: 0.9292436974789916,0.968278463648834,5647,5832
06: 0.9293532338308458,0.9738717339667459,5740,5894
07: 0.9261777561923263,0.9662865642042637,5847,6051
08: 0.9064491064491065,0.9676022453889335,6033,6235
09: 0.915369502795829,0.9637434149364735,6220,6454
10: 0.9133516562997251,0.9529012254540086,6454,6773
11: 0.9104540358744395,0.9545519713261649,6658,6975
12: 0.9218921892189219,0.9587946741415557,6841,7135
13: 0.9078238001314924,0.9697257670377409,7143,7366
14: 0.8967749968870626,0.9542014111610007,7438,7795
15: 0.8849211202152378,0.9574549149098298,7539,7874
16: 0.8814238566713815,0.9597298956414978,7817,8145
17: 0.8996030819519029,0.9645056139080044,7989,8283
18: 0.910244470314319,0.9715246906163643,8086,8323
19: 0.8963858117936668,0.9525345622119815,8268,8680
20: 0.89000976244712,0.9531442663378545,8503,8921
21: 0.9080571799870045,0.9528929283972511,8597,9022
22: 0.9068736141906873,0.9617640669128829,8854,9206
23: 0.899026512013256,0.9622257891920813,8992,9345
24: 0.8935972780699041,0.9628085924975954,9009,9357
25: 0.9071325499896928,0.9644335916763987,9084,9419
26: 0.8601278020083173,0.9147003549801629,8761,9578
27: 0.8238142292490118,0.8850985599019507,8666,9791
28: 0.8201354136002355,0.8944949443366357,8758,9791
29: 0.8037158259530227,0.8768907142141641,8754,9983
30: 0.7862180709111705,0.8612573244612176,8672,10069
31: 0.7717803907045644,0.8608518086347725,8853,10284
32: 0.7572754865202642,0.8595314566408464,9099,10586
33: 0.7532328547221975,0.846782527007985,9014,10645
34: 0.725367423254196,0.8108798831690398,8884,10956
35: 0.7288468099624702,0.8103787066809575,9073,11196
36: 0.7122256048710143,0.7799616890147414,9365,12007
37: 0.6623547637490318,0.715644735790231,8952,12509
38: 0.6979401593745301,0.7631537861046058,9776,12810
39: 0.6975797659713642,0.7937946394286153,10336,13021
40: 0.6857083792723263,0.7819784382284383,10735,13728
41: 0.6688546550569323,0.7817505720823799,10932,13984
42: 0.6842704446271584,0.8201079898844919,11999,14631
43: 0.6741322774237456,0.7755249343832021,11819,15240
44: 0.6762101176756036,0.771523815629207,12035,15599
45: 0.6685282140779523,0.7813800385069251,12581,16101
46: 0.665676826535186,0.789179104477612,13113,16616
47: 0.649480021893815,0.7509732148044855,12925,17211
48: 0.6845558815684183,0.7727936222771166,13765,17812
49: 0.6748588001831781,0.7543036827799392,14153,18763
50: 0.6441327141284052,0.7350073258222604,14548,19793
51: 0.6317388702177616,0.7023535062439962,14623,20820
52: 0.6087050577597023,0.6850358016858515,15116,22066
53: 0.5633296573132378,0.6413654101805395,14956,23319
54: 0.49062624650977266,0.5330024203142306,12993,24377
55: 0.4430355791067373,0.48508102212527265,12453,25672
56: 0.42347675425931275,0.4783325835957415,12760,26676
57: 0.3830234268305494,0.4256064106266243,11791,27704
58: 0.36251250766598886,0.4098864395457582,12272,29940
59: 0.3501822900574677,0.3922518159806295,12312,31388
60: 0.3098757621074428,0.3475842480546762,11748,33799
61: 0.2683671244822324,0.30884958240769383,10983,35561
62: 0.2216056425681983,0.2617510780191231,9773,37337
63: 0.20115014065572953,0.2447179010912468,9486,38763
64: 0.18293655589123867,0.2140996700816114,8631,40313
65: 0.14887588257153475,0.17449011088159175,7349,42117
66: 0.12937904240524492,0.15110471133510328,6716,44446
67: 0.12131174658313174,0.13854422539942474,6599,47631
68: 0.10321335301464744,0.11213705215765576,5878,52418
69: 0.08124186974243344,0.09316802861852488,5313,57026
70: 0.055544712273510946,0.06536977755889355,3982,60915
71: 0.03893977541279869,0.058643918408461344,3726,63536
72: 0.05685613850843799,0.0799970189297958,5367,67090
73: 0.06994677674103765,0.11201081483729464,8120,72493
74: 0.06450998822115671,0.12334425653194722,9824,79647
75: 0.058466453674121406,0.1348570753602646,11417,84660
76: 0.08175423560521337,0.17887123412495018,15704,87795
77: 0.10154552162618391,0.2098607811355108,18903,90074
78: 0.12116994373762521,0.2183415881131171,20499,93885
#motocross-jump
05: 0.8197165850244926,0.8703528882895033,19361,22245
06: 0.7682457016479989,0.8318243967333062,22510,27061
07: 0.6846740336823819,1.05912884484945,35914,33909
08: 0.6036082652040429,1.1181965233636344,49081,43893
09: 0.5974099838123988,0.9660761402186204,53823,55713
10: 0.580723761393376,0.8014221908791725,54548,68064
11: 0.5481879935174649,0.6981253388131768,55376,79321
12: 0.5052723188083142,0.6394215932636776,58016,90732
13: 0.415472651072823,0.4878198008245637,51825,106238
14: 0.31446754223602025,0.37077139583349356,48214,130037
15: 0.2312428454090971,0.2746031427213262,41015,149361
16: 0.23968931049850384,0.25775446665030294,39904,154814
17: 0.14595868431608502,0.1525248513959015,24197,158643
18: 0.056686097245977174,0.058046402171570366,9965,171673
19: 0.06766799063515544,0.07266567586860613,12419,170906
20: 0.07162146028641762,0.0893397905638133,15459,173036
21: 0.08145465206476793,0.11380978442066593,18092,158967
22: 0.08636440477397977,0.12434040170760725,17767,142890
23: 0.085835684184864,0.13192805640470814,18169,137719
24: 0.12124080087463081,0.1815391493495886,21115,116311
25: 0.17099965435743178,0.24160063391442155,24392,100960
26: 0.21327338382771557,0.29832945836562474,27716,92904
27: 0.20991857728910268,0.3399174392325077,29479,86724
28: 0.24626099791284695,0.3941461778591884,30555,77522
29: 0.2687135031003552,0.43232111787733796,31805,73568
30: 0.27178669388275817,0.47094670365342617,31917,67772
31: 0.28563991560950214,0.5292756457263913,32479,61365
32: 0.29170574835856894,0.6089310881982049,32836,53924
33: 0.3122130858094133,0.5509490211666501,27721,50315
34: 0.3067601109651044,0.47906381044847035,23191,48409
35: 0.3223584967534597,0.47160722105980246,19384,41102
36: 0.3044876626966179,0.5026773567975918,17367,34549
37: 0.30195160955962924,0.4867433209333784,14393,29570
38: 0.3265292464194887,0.4984690984690985,13187,26455
39: 0.2542243290771466,0.39158466236851036,9232,23576
#paragliding-launch
05: 0.9131422226708388,0.94944715865261,18462,19445
06: 0.9168265831734168,0.9593743547387983,18585,19372
07: 0.8972685278168306,0.9513530262342491,18422,19364
08: 0.8998496240601503,0.9587596899224806,18552,19350
09: 0.8919659311650147,0.9654869088274863,18659,19326
10: 0.8976370035193565,0.9667552498567037,18553,19191
11: 0.89293724766984,0.9567211087639754,18569,19409
12: 0.8959859508278977,0.9645939482166996,18553,19234
13: 0.8853217785218376,0.9585166240409208,18739,19550
14: 0.8888726919339164,0.963084536915463,19071,19802
15: 0.8886743265424351,0.9539506542802917,19100,20022
16: 0.8845819656304306,0.9461143512287523,18980,20061
17: 0.871251461988304,0.9496953448696076,19483,20515
18: 0.8590671675982773,0.935693159049709,19614,20962
19: 0.8464661725131014,0.9346062524732884,18894,20216
20: 0.8231499051233396,0.9109939833921734,18321,20111
21: 0.8381095783951816,0.9110695889304111,18041,19802
22: 0.8374878758486906,0.9061729637269206,18012,19877
23: 0.8430018648253617,0.9171122994652406,17493,19074
24: 0.840730395199669,0.9429429429429429,17270,18315
25: 0.8640665171489524,0.9348739495798319,16465,17612
26: 0.8835072595281307,0.9464306646348611,16148,17062
27: 0.8936946326211569,0.9722607489597781,16123,16583
28: 0.8866924917397744,0.9798541367766619,16391,16728
29: 0.9048817607117771,0.9929573152060751,16214,16329
30: 0.9034226902824318,0.9897416651028961,15823,15987
31: 0.8921017239271305,0.9736640734600178,15269,15682
32: 0.8912547528517111,0.9636794315041453,14646,15198
33: 0.8934399793588338,1.0001362769146906,14678,14676
34: 0.8945670069147185,1.009008379888268,14449,14320
35: 0.8862439154497567,1.008662926933182,14205,14083
36: 0.8947543824568419,1.0250035617609345,14389,14038
37: 0.8828355759763702,1.0398947518133979,14623,14062
38: 0.8883896594386924,1.0577591712197545,14907,14093
39: 0.8806260959927259,1.0632749038050449,14922,14034
40: 0.8576083414793092,1.0666279997099979,14712,13793
41: 0.8710660571125688,1.0804479151318698,14666,13574
42: 0.8575139888089528,1.0900164892819668,14543,13342
43: 0.8324177734510813,1.0529760049859769,13516,12836
44: 0.8201219512195121,1.0925171177045974,13403,12268
45: 0.7874927198602213,1.076188060206325,12727,11826
46: 0.7423252279635258,1.0892027334851937,11954,10975
47: 0.7239293106193281,1.1422494806607972,11547,10109
48: 0.685719074756956,1.0969557964970809,10522,9592
49: 0.6715425531914894,1.095465659035341,9857,8998
50: 0.6369252493160357,1.1934720908230843,10092,8456
51: 0.58860814448207,1.2713842333954066,10241,8055
52: 0.6270975165404161,1.2277799658658264,9352,7617
53: 0.6051832354727678,1.2157629960871996,8700,7156
54: 0.6007755893458516,1.2825960419091968,8814,6872
55: 0.6184322938914993,1.2782621767889357,8503,6652
56: 0.601852837823448,1.3336953149239839,8597,6446
57: 0.6306472008276813,1.253017789072427,7889,6296
58: 0.6082153952364515,1.2645819831497083,7805,6172
59: 0.5677570093457944,1.3559605417154321,8110,5981
60: 0.5626219722190334,1.3689523146536722,7866,5746
61: 0.5403163366884194,1.5228260869565218,8406,5520
62: 0.5275625912203885,1.5555972952667168,8282,5324
63: 0.5249768732654949,1.597597006105968,8111,5077
64: 0.49777133942500557,1.7098790322580646,8481,4960
65: 0.4837742315518903,1.8244648318042813,8949,4905
66: 0.4548936599133152,1.9705700761473555,9575,4859
67: 0.40275636957113065,2.268751320515529,10738,4733
68: 0.3749571183533448,2.5134779750164364,11469,4563
69: 0.36964346931779224,2.527814569536424,11451,4530
70: 0.37000700770847933,2.602026715799171,11298,4342
71: 0.32959496530579313,2.8975875118259222,12251,4228
72: 0.32126035406853987,2.9877450980392157,12190,4080
73: 0.3200063587950083,3.0200919874122487,12476,4131
74: 0.3233919071417056,3.032915745517072,12347,4071
75: 0.32339102001754527,2.989901418610243,12435,4159
76: 0.31660351094269584,3.109341057204924,12882,4143
77: 0.3007783815538258,3.256126862085536,13552,4162
78: 0.26804331741440773,3.6779156327543423,14822,4030
79: 0.24107588617074388,4.068042813455658,15963,3924
#parkour
05: 0.9019272436993956,0.9406562718175471,8084,8594
06: 0.8313448395690953,0.8630685835493754,7324,8486
07: 0.726506580466405,0.7820543374642517,6563,8392
08: 0.6937144241249849,0.7342509920634921,5921,8064
09: 0.701429123213596,0.7510268981052074,5668,7547
10: 0.6102958037147443,0.6482807182255603,5524,8521
11: 0.654541494227837,0.7129326868869095,6323,8869
12: 0.6616172168825741,0.7306855277475517,6715,9190
13: 0.7192587283710453,0.7816445623342175,7367,9425
14: 0.7367656217562798,0.8400967777411196,7639,9093
15: 0.7597753523365476,0.8680539932508436,7717,8890
16: 0.8227919584368647,0.9986377708978328,8064,8075
17: 0.7458220415537489,0.8991524382753961,7320,8141
18: 0.7769181173436492,0.8672086720867209,7680,8856
19: 0.7792995839112344,0.8548707753479126,9460,11066
20: 0.7466309284491103,0.8237580657700381,10596,12863
21: 0.7273913043478261,0.8490536766987279,10946,12892
22: 0.6692594287208314,0.8924045942941831,12043,13495
23: 0.658753709198813,0.9535891521632767,13643,14307
24: 0.712998016946097,1.0255808995949691,14433,14073
25: 0.6895025557910485,1.061378156373593,13955,13148
26: 0.6598497759262766,1.1222661609232507,13906,12391
27: 0.614460909555442,1.1265354198216389,13390,11886
28: 0.6024436090225563,1.0209403397866457,12920,12655
29: 0.5704423421119919,0.9944796233154732,12250,12318
30: 0.5432868012701456,0.9923427952664553,12830,12929
31: 0.5297844656898795,0.9226448631354426,12977,14065
32: 0.5250194855806704,0.9192388176824483,14057,15292
33: 0.4653234988366913,0.8124540778839089,13269,16332
34: 0.4326745343381203,0.7759238587627049,13207,17021
35: 0.41628980156898937,0.7299475790541683,12950,17741
36: 0.39092252847578474,0.7095378039006145,13279,18715
37: 0.3889308176100629,0.6770110869235053,13373,19753
38: 0.3726688968354674,0.676717862007421,14408,21291
39: 0.35360546664269016,0.6140057463870663,14318,23319
40: 0.33846502884553054,0.6594470786787752,16411,24886
41: 0.2954772349115111,0.6094260908783403,16215,26607
42: 0.2277762602810404,0.5413983615926843,14209,26245
43: 0.18168983825921492,0.5447542627883651,13578,24925
44: 0.10532120209539564,0.47976048886519296,11698,24383
45: 0.09668849623131101,0.492182246133154,11710,23792
46: 0.09466720501910116,0.49412861927169444,11656,23589
47: 0.08832074375363161,0.5225687759380482,12214,23373
48: 0.08508083411433927,0.49336934177113145,12240,24809
49: 0.05921661652395279,0.44986932763126636,11361,25254
50: 0.07254262934295524,0.45693505672160956,11560,25299
51: 0.08477358607445952,0.5326010852441799,12171,22852
52: 0.09468564104249515,0.6454895761288411,13066,20242
53: 0.10406853836739235,0.7606458481192335,12861,16908
54: 0.11036996819979834,0.7909551510602364,12645,15987
55: 0.10224279102883589,0.6788851534540722,12520,18442
56: 0.10287713041390899,0.6418725750459465,12573,19588
57: 0.08811233445029519,0.6477069540424298,13403,20693
58: 0.0846503178928247,0.6092893720240768,13564,22262
59: 0.10792175894416003,0.5986336464560205,14020,23420
60: 0.142102973168963,0.5877253115044961,14575,24799
61: 0.19417733467052092,0.5787934329056663,14842,25643
62: 0.2730078390222826,0.6313229187265177,15963,25285
63: 0.3512766303463978,0.7336421298614588,17581,23964
64: 0.41914731217969686,0.863367376157297,18091,20954
65: 0.5035605696911506,1.0862059394948653,19568,18015
66: 0.5693224188916984,1.2944420076445893,20658,15959
67: 0.5622759011134176,1.3390548845094299,18957,14157
68: 0.5919814957594449,1.3492111650485437,17788,13184
69: 0.6055211148201134,1.3389424932458511,17346,12955
70: 0.6300102774922919,1.316342923908281,18026,13694
71: 0.6228672930397794,1.2941915020154628,19585,15133
72: 0.6129206649547236,1.2570924221409658,19940,15862
73: 0.6089461507054393,1.1646728515625,19082,16384
74: 0.5559085417692067,1.1054129329135385,18257,16516
75: 0.5058788573368989,1.2142678816627137,19455,16022
76: 0.4389528520772228,1.018174003806717,16583,16287
77: 0.41607370917715747,0.9279637334658138,14943,16103
78: 0.32858938672892163,0.9942718512029113,14754,14839
79: 0.2973936503348268,0.9559848925043579,13162,13768
80: 0.2506125649318828,0.9342125208428074,12326,13194
81: 0.17032467842968488,0.7995000367620028,10874,13601
82: 0.11849002163981727,0.794675925925926,10299,12960
83: 0.047466867186765675,0.7457507636876322,9521,12767
84: 0.03751024540764669,0.7721320925636169,9376,12143
85: 0.04268351038376878,0.8190166124050422,9811,11979
86: 0.03671147880041365,0.8066022280471822,9847,12208
87: 0.03417233143487047,0.8554594149155336,10381,12135
88: 0.03487609807263668,0.8052146069985515,10562,13117
89: 0.03294286801708462,0.7966899595439499,10831,13595
90: 0.033541502957111544,0.7801681151161134,10952,14038
91: 0.030264056910895863,0.8308692236268838,11633,14001
92: 0.029846538043259353,0.826416172583756,11569,13999
93: 0.034049823195200446,0.8372158689820698,11860,14166
94: 0.02973445698839243,0.8344309893067063,11783,14121
95: 0.025176150644855576,0.826189078097475,11256,13624
96: 0.03337017514028227,0.8617599754920732,11252,13057
97: 0.025674519165803343,0.9830183749891144,11288,11483
98: 0.02704462362898783,1.1609062170706006,11017,9490
99: 0.02623051998148434,1.2167536940339962,10952,9001
#pigs
05: 0.9695272430738857,0.9842032818546731,136571,138763
06: 0.963357135168108,0.9800535572121299,135414,138170
07: 0.9562780919240249,0.972594828909568,133050,136799
08: 0.9544195288930146,0.9744087565571609,132999,136492
09: 0.9533610954467242,0.9775373828013496,133558,136627
10: 0.9466268830507241,0.9744452810133309,132012,135474
11: 0.9420359701198274,0.974637304545387,131270,134686
12: 0.9385718602371634,0.9693264853857211,129471,133568
13: 0.9325659952458402,0.9675642869987412,129135,133464
14: 0.9274804693214735,0.962259373720073,129217,134285
15: 0.9228382051542945,0.9567268935219767,129360,135211
16: 0.9217368806864732,0.9560942780646955,130700,136702
17: 0.9200191195040344,0.9573163636363636,131631,137500
18: 0.9164215372809822,0.9546274757049373,131730,137991
19: 0.91364312530991,0.9559856350550994,132035,138114
20: 0.9052609293955753,0.947620524732548,131362,138623
21: 0.8982392763681875,0.9442235138166616,129640,137298
22: 0.8950245370204535,0.9390325252717769,128100,136417
23: 0.8907995634567334,0.9345106479883052,127214,136129
24: 0.8884387167219804,0.9317059549703133,126794,136088
25: 0.8961326921415613,0.9387720550889564,127535,135853
26: 0.8946747774566058,0.9395964756023054,127647,135853
27: 0.9013803294049807,0.9468754843423646,128295,135493
28: 0.9007563929821559,0.9497820745334348,129877,136744
29: 0.9017390084846785,0.9495025733919894,132091,139116
30: 0.8906129429185176,0.934247023513179,131357,140602
31: 0.8819944521689805,0.9228018347197388,130570,141493
32: 0.8761769921236031,0.912280824652717,130229,142751
33: 0.8613537864183859,0.8974648436955582,128788,143502
34: 0.861372218750849,0.9004694640343395,129854,144207
35: 0.8605883858453331,0.8967283463215352,130604,145645
36: 0.8596817579593967,0.897778020567308,131476,146446
37: 0.8530194200585262,0.8855615335160559,130855,147765
38: 0.8455203934882682,0.8787076589856206,131445,149589
39: 0.8374549618024335,0.8740779837698753,132484,151570
40: 0.8103719626885724,0.8447036121958057,129575,153397
41: 0.7919993325289452,0.8269048320083751,126380,152835
42: 0.7873039649283653,0.8250581820818966,125144,151679
43: 0.7791510772803509,0.8175491778971301,124059,151745
44: 0.7688287417431932,0.8075243821327205,122625,151853
45: 0.7607900175062193,0.7992387305899838,118846,148699
46: 0.7625101214574899,0.8015808422882209,116218,144986
47: 0.7566680540677007,0.8041612064555463,114753,142699
48: 0.7548381403620714,0.8070304199519096,115457,143064
49: 0.7343515940819579,0.7896583120998878,111878,141679
50: 0.7104360262362531,0.7616697989304347,104968,137813
51: 0.7107079416121943,0.7614131731332278,105324,138327
52: 0.6959964867569455,0.7474760961642596,100768,134811
53: 0.6863608936191868,0.7381569679440106,98510,133454
54: 0.6819240003794873,0.7375789743512418,97831,132638
55: 0.6594650431877623,0.7234683629059256,95084,131428
56: 0.6519442504569025,0.7111338556015576,92409,129946
57: 0.6431145217705946,0.7005976344287363,89797,128172
58: 0.6342049234359491,0.7001868215893235,88825,126859
59: 0.6240452918869839,0.6920710379038413,87057,125792
60: 0.61705703668296,0.6864085163863249,85370,124372
61: 0.6125952561092608,0.6816410857063843,83803,122943
62: 0.6024561985822329,0.6669818068218253,81131,121639
63: 0.5984921014839636,0.6636082833751267,79921,120434
64: 0.5851417352612226,0.6536947342796464,77874,119129
65: 0.5731706322340677,0.6427969097367143,75465,117401
66: 0.567479863243901,0.6339051497998067,73462,115888
67: 0.5630340976393942,0.6242581439310678,71000,113735
68: 0.5536409782320262,0.6146482932861248,69092,112409
69: 0.5473982146745047,0.6115661251848022,67427,110253
70: 0.5478375065662756,0.6123630858466561,67145,109649
71: 0.5489384607239292,0.6124098654296606,66670,108865
72: 0.549599588958577,0.6200359339112396,66949,107976
73: 0.5477124183006536,0.6115451307963381,65598,107266
74: 0.5500655802504627,0.6107994062567099,65427,107117
75: 0.5527594772653635,0.6149245069315087,65693,106831
76: 0.5540418539985194,0.6124605397506393,65382,106753
77: 0.5647630487992125,0.6230934982199737,66509,106740
78: 0.5586738129225134,0.6183143490986373,66334,107282
#scooter-black
05: 0.8578320370188047,0.915736040609137,9020,9850
06: 0.827701180499234,0.8845939416465342,9520,10762
07: 0.8302599227256762,0.8958522830634892,9849,10994
08: 0.8591406908171861,0.918456054942189,10565,11503
09: 0.8241357437361243,0.8745213069339199,10733,12273
10: 0.7861077330281137,0.8338597135512302,11353,13615
11: 0.7280207020104837,0.7637139374238114,11277,14766
12: 0.6098820955390787,0.654218447511397,10476,16013
13: 0.45432471807046887,0.4893628778250539,8856,18097
14: 0.4480265278865196,0.5311678192266485,10907,20534
15: 0.4165504797834823,0.4835938842123346,11260,23284
16: 0.38288593127302806,0.44073638856247555,11252,25530
17: 0.35902281954360915,0.3841656863793534,10777,28053
18: 0.32409368184835174,0.3378361116433544,10579,31314
19: 0.30990262928978307,0.32586344012724383,11473,35208
20: 0.3449381696265883,0.36510245851108425,14806,40553
21: 0.3785625908962643,0.39295505889061916,17916,45593
22: 0.3590896486154577,0.3781986903948901,18829,49786
23: 0.36045697438732266,0.38161267987799175,20393,53439
24: 0.3407375789653406,0.3720101336594741,21292,57235
25: 0.3057222002374357,0.33611390067705466,20751,61738
26: 0.3019697290112081,0.3193479259145875,20863,65330
27: 0.31389111977971546,0.32933341071998606,22697,68918
28: 0.29059201218848624,0.2958096590909091,21658,73216
29: 0.2468747996666453,0.24956634586968532,19423,77827
30: 0.21683505782105905,0.21998340208450293,18025,81938
31: 0.19232353183428053,0.2016839608656982,17007,84325
32: 0.1636355312403429,0.1719519083353506,14917,86751
33: 0.13105869106884638,0.1449354712553774,12971,89495
34: 0.09369588918104278,0.1052256378129658,9742,92582
35: 0.07013565114660028,0.08041533546325878,7551,93900
36: 0.0701508986096982,0.09376049214240072,8657,92331
37: 0.08055805580558056,0.11398482935724381,10564,92679
38: 0.08183926590702834,0.14411551422599497,13514,93772
39: 0.0947612179812712,0.15149508049611674,14181,93607
40: 0.08206034720590188,0.12572418705020677,11827,94071
41: 0.06537028068476132,0.12904881450488145,11566,89625
42: 0.06708818263205013,0.13121930386504377,11061,84294
#shooting
05: 0.9271759266466367,0.9796115806222065,122521,125071
06: 0.8091703894148479,0.8743874262336095,118831,135902
07: 0.8739709426235217,0.9637768954544128,132049,137012
08: 0.8028427693044797,0.9070291273070263,128858,142066
09: 0.8533582785160724,0.9076162934130095,132443,145924
10: 0.8092457820222307,0.8912818279591177,135080,151557
11: 0.72884020784261,0.8288948933723281,134058,161731
12: 0.6997333057442724,0.8328271810000744,134375,161348
13: 0.6308829555842764,0.8175159403488433,139626,170793
14: 0.6214831482901017,0.8385277064384806,149538,178334
15: 0.5754883249917233,0.867007067647483,150274,173325
16: 0.6069068787095563,0.8684763995356909,151134,174022
17: 0.5837999909598164,0.8455128017556693,144477,170875
18: 0.5683379725872943,0.872514198142973,145182,166395
19: 0.5540696462790425,0.8549102403096542,140914,164829
20: 0.5411480484183506,0.8400074512961649,139789,166414
21: 0.5738663532036978,0.841301104843597,144374,171608
22: 0.5804466614437161,0.8255886547570636,144142,174593
23: 0.5937254559734706,0.8430008297638537,150361,178364
24: 0.5667329235697676,0.8625818033736543,150392,174351
25: 0.5567427505239831,0.871039499789575,144880,166330
26: 0.5667655338070228,0.8683075925347681,144601,166532
27: 0.5410082316889984,0.8511452218265807,141508,166256
28: 0.5604833262452156,0.8185136380068336,140380,171506
29: 0.5683234465815806,0.8288188096097635,142343,171742
30: 0.5736011212442697,0.8596972520330814,149479,173874
31: 0.5846395823898636,0.8680933874476892,151221,174199
32: 0.5483485817562063,0.8770370370370371,154512,176175
33: 0.5120936681559082,0.8710332144699365,155354,178356
34: 0.5024370376600897,0.8655570275009482,157463,181921
35: 0.47104593679804185,0.8402800221300745,153399,182557
36: 0.4625234850518186,0.8142956876644648,151630,186210
37: 0.4580025836533903,0.7538888976093678,144084,191121
38: 0.4556714945307461,0.7070558830747963,141163,199649
39: 0.43070351376561816,0.7086072451365216,148213,209161
#soapbox
05: 0.9246850710265344,0.9766033581062483,7096,7266
06: 0.9312947299934938,0.9823694403632964,7355,7487
07: 0.934401789042117,0.9943640322787243,7763,7807
08: 0.929714353443167,0.978490703609187,8052,8229
09: 0.9238095238095239,0.9843768493312818,8317,8449
10: 0.9094997806055287,0.9717942908926144,8579,8828
11: 0.9186220136518771,0.9822589531680441,8914,9075
12: 0.9000512032770097,0.9481310373792524,9030,9524
13: 0.8871114710944619,0.9313024557040721,8988,9651
14: 0.8647901234567901,0.9067865077762068,8979,9902
15: 0.8731393450494574,0.9141315014720314,9315,10190
16: 0.8542930685787828,0.8971971407072987,9539,10632
17: 0.820031712473573,0.8637019664441639,9575,11086
18: 0.7930861304093078,0.8380094380094381,9767,11655
19: 0.7509225092250923,0.8010561927551778,9708,12119
20: 0.7335303725596951,0.7746635878652759,9729,12559
21: 0.6843366277328542,0.7246243483593989,9452,13044
22: 0.6610599579496846,0.6832708838439497,9300,13611
23: 0.6127537811690966,0.6395622662418617,9234,14438
24: 0.5841155715331868,0.6053838888139252,8973,14822
25: 0.5266193433895298,0.5531983492391024,8579,15508
26: 0.49376910416176817,0.5157769161944528,8647,16765
27: 0.4437889581478183,0.46383026746416883,8220,17722
28: 0.3792037716081718,0.39520958083832336,7458,18871
29: 0.30275274056029233,0.32397504456327986,6543,20196
30: 0.26258497356378013,0.3096598764863121,6719,21698
31: 0.2525264774840327,0.3389654725379197,7844,23141
32: 0.22537302353203179,0.3397451505559614,8372,24642
33: 0.21172449153990772,0.3334211021252586,8864,26585
34: 0.21065922381711855,0.29623963854993063,8327,28109
35: 0.2257616416732439,0.3010086117347452,8983,29843
36: 0.23639888525384709,0.2879366381622543,9125,31691
37: 0.26578295702840493,0.2939424623265233,9870,33578
38: 0.28522637461894546,0.2990870185449358,10483,35050
39: 0.2777944506588819,0.297260615461319,10732,36103
40: 0.28683458841859255,0.3081674673987646,11674,37882
41: 0.2796078431372549,0.30471073347494687,12193,40015
42: 0.2685077202966833,0.29691188744485514,12451,41935
43: 0.24956362270487636,0.277363689750192,12280,44274
44: 0.2408891293941349,0.26465722043101986,12477,47144
45: 0.22475771805375164,0.23606993768528042,11706,49587
46: 0.22809529263543696,0.24266012516418142,12563,51772
47: 0.22779746465495196,0.2387262038589831,12954,54263
48: 0.21368246166626284,0.22393451778421586,12831,57298
49: 0.20628998740038945,0.21565911414531183,13078,60642
50: 0.19143865296520984,0.19884142828223056,12769,64217
51: 0.18429385687143762,0.19189493655875725,12946,67464
52: 0.17254042279873774,0.18351326211348198,13021,70954
53: 0.1634875559246658,0.17324706549781854,12826,74033
54: 0.15398169510432777,0.16149076247830968,12657,78376
55: 0.1425387353057483,0.14831809805976082,12315,83031
56: 0.14206086687802588,0.14842266391980388,12896,86887
57: 0.13181466086254487,0.13776047378811143,12561,91180
58: 0.12424013338442261,0.13084511296992676,12561,95999
59: 0.11432905806095711,0.12576256680234468,12637,100483
60: 0.10546526842773975,0.11669939179158087,12184,104405
61: 0.08969767100139593,0.09621123234264281,10414,108241
62: 0.08884694728525655,0.09344476180401283,10600,113436
63: 0.06836388323150033,0.07178369543008922,8432,117464
64: 0.06601337042727234,0.06647391640288128,8001,120363
65: 0.0605379149051003,0.062214359427981716,7596,122094
66: 0.06003873466752744,0.06303258855233024,7789,123571
67: 0.053732928559539005,0.056328515466702686,7089,125851
68: 0.04663756553632025,0.050564802869639096,6428,127124
69: 0.04527534319731097,0.04944569725450618,6271,126826
70: 0.03930683363374759,0.046104877854698814,5794,125670
71: 0.03433568263079033,0.039519393186091725,4960,125508
72: 0.03258119604060593,0.035241243193113454,4446,126159
73: 0.037477213002201755,0.04206596437828455,5307,126159
74: 0.04117591558819367,0.04433718976979677,5622,126801
75: 0.039181619153726886,0.043604810378148305,5573,127807
76: 0.036595810947597916,0.04215429175310188,5385,127745
77: 0.03334141515262907,0.04239909110991889,5374,126748
78: 0.03702449664165295,0.05365943420378904,6707,124992
79: 0.0322426886411375,0.04244990535865805,5203,122568
80: 0.04034202104874136,0.0422153597603561,5017,118843
81: 0.04031426764723717,0.04774741764377443,5473,114624
82: 0.045566132706946184,0.055389168181980246,6214,112188
83: 0.046093270238052236,0.054905424972907006,6029,109807
84: 0.04896189568499935,0.05740955287424529,6095,106167
85: 0.0454629100523976,0.052701898789728786,5404,102539
86: 0.03066066186818931,0.0341224292184017,3383,99143
87: 0.019255744511141336,0.021020282728948986,2052,97620
88: 0.02339802388078916,0.025356048798839147,2359,93035
89: 0.027292106038959565,0.030728100113765644,2701,87900
90: 0.030595715874474155,0.0343342432514407,2830,82425
91: 0.0381750228821316,0.044401815972888295,3472,78195
92: 0.04371396381469945,0.05787599919392759,4308,74435
93: 0.039880512011613786,0.057400783512178505,4044,70452
94: 0.045270745428973275,0.07641707276595103,5065,66281
95: 0.048185829302685244,0.08160838613783931,5216,63915
96: 0.04382811162472179,0.07914977151316213,4919,62148
97: 0.06554846179824067,0.10088557329655906,6072,60187
98: 0.07211992445703494,0.11488891616545968,6552,57029
