#goat
05: 0.7318810118444153,1.0489424567767605,35856,34183
06: 0.7207714542011362,1.0799349436780916,35856,33202
07: 0.682242293050683,1.0596783037835862,34785,32826
08: 0.7481353696280887,1.0134996931887912,34685,34223
09: 0.693449737329645,0.9873421491541577,33151,33576
10: 0.7199500385341093,0.9559961315280464,31632,33088
11: 0.6322361546499478,0.96620303354522,30704,31778
12: 0.6576912455122894,0.8614711902251442,27779,32246
13: 0.5987833835810144,0.7216571855427225,25118,34806
14: 0.5240937100982623,0.7928230914908901,24281,30626
15: 0.5110344449920596,0.8234264001321658,24921,30265
16: 0.39309150565074735,0.837029024698035,27858,33282
17: 0.32202803652125794,0.856472188046364,26453,30886
18: 0.3083154574132492,0.7397228094902514,22043,29799
19: 0.3505666092224137,0.5543001382294609,18446,33278
20: 0.3457480685625675,0.48903119063668116,15961,32638
21: 0.35077019091656975,0.5154678548695099,16196,31420
22: 0.2918894705898821,0.48893262777490964,15153,30992
23: 0.2981115717033786,0.5244034362074451,16482,31430
24: 0.3068205233875953,0.4173876951566042,13073,31321
25: 0.3033328684981174,0.41647722106028917,13740,32991
26: 0.30393308315907075,0.4729637899233084,14616,30903
27: 0.33974175035868004,0.4974822797395683,15511,31179
28: 0.33057286775377787,0.4656280367386602,14854,31901
29: 0.2890995260663507,0.501466275659824,14535,28985
30: 0.21850173151354654,0.6277084254566482,18454,29399
31: 0.23260068540802392,0.5557434629894628,17088,30748
32: 0.2329546904913848,0.5435574587754058,17009,31292
33: 0.23507168312522103,0.5835367980467387,16730,28670
34: 0.2510129376589264,0.5308599760642845,15525,29245
35: 0.2385614606028848,0.41143377962159783,13091,31818
36: 0.261941585866397,0.43258939122801093,12812,29617
37: 0.23042054898010578,0.38428303290009563,10851,28237
38: 0.2309389478992656,0.36485636401761373,10440,28614
39: 0.21140580977363257,0.3497023272596067,9692,27715
40: 0.183865915830862,0.30717439293598237,8349,27180
41: 0.15859329587289284,0.31591109154929575,8613,27264
42: 0.1564117127350751,0.3200662752584375,8886,27763
43: 0.24638642456402177,0.3074157824549197,10604,34494
44: 0.18075761734833928,0.3526304204270306,11214,31801
45: 0.1926427432585438,0.6095172757889484,19546,32068
46: 0.2324402445803224,0.6025500173470568,20841,34588
47: 0.18927488601384035,0.7101540919226546,21338,30047
48: 0.20873774943913095,0.7581753228909041,22072,29112
49: 0.21115556601553306,0.684572326426397,20913,30549
50: 0.2885647303985413,0.7166256029427074,20651,28817
51: 0.3167915281924182,0.8628575982149972,21656,25098
52: 0.27812081318809345,0.9977692797960485,21917,21966
53: 0.42945571553228623,0.7437048864052157,22358,30063
54: 0.49726999328447546,0.7971542720964463,22746,28534
55: 0.3830456246266076,1.0000454710803928,21993,21992
56: 0.5408333090017227,0.7262675825973176,22202,30570
57: 0.5726814644725092,0.7986285881022723,21896,27417
58: 0.48240578986773147,0.9559580160526857,23225,24295
59: 0.6063142571194614,0.8050301605152848,23622,29343
60: 0.5768599734965608,0.770099879577814,21743,28234
61: 0.3755088079356935,1.126434350378087,21302,18911
62: 0.49187079325076066,0.7435704022988506,20701,27840
63: 0.4700990217488856,0.8005642679173384,21849,27292
64: 0.36890294656234396,1.1649728818914222,22124,18991
65: 0.41338531173961957,0.7455409073284218,23073,30948
66: 0.36257326661901357,0.8339811429670964,21671,25985
67: 0.16287901990811637,1.6541768612373295,23663,14305
68: 0.2662901293430157,0.781194111982391,22714,29076
69: 0.2537690404895196,0.9535459266471925,23503,24648
70: 0.12107993084186727,1.2645067698259187,23535,18612
71: 0.1854836889039395,0.8198232542020447,23656,28855
72: 0.16686045186147777,0.8207755247242974,23072,28110
73: 0.10922203772088528,0.992875589990204,22298,22458
74: 0.17431951868667667,0.7606129702903897,22683,29822
75: 0.15545318438327768,0.8124796762654912,22487,27677
76: 0.08378227754040497,0.9567331879926212,22820,23852
77: 0.17165598827928538,0.7724445914654317,23351,30230
78: 0.16411517933624722,0.791361070740528,23414,29587
79: 0.11386006916733174,0.9311246060419709,24226,26018
80: 0.15265639735932096,0.759404990403071,23739,31260
81: 0.13353653337880467,0.753065664556962,22845,30336
82: 0.08029005766206535,0.9281147668797755,23808,25652
83: 0.10823659029237141,0.8019506369426752,24174,30144
84: 0.08189543137058883,0.871964298069605,25205,28906
85: 0.061735818801363,0.9459955914768553,25750,27220
86: 0.07662797753028909,0.8907603464870067,25914,29092
87: 0.07617674563591023,0.8704456183123391,25706,29532
88: 0.05143681120609744,1.1640803866700584,27456,23586
89: 0.06925132654246872,0.8626319873157238,25571,29643
#goat
05: 0.9245767060030785,0.9550928592982745,34816,36453
06: 0.969235184388004,0.9964503927844051,34248,34370
07: 0.9645859210260261,0.9971809479062665,33958,34054
08: 0.9682999648753073,0.9973564618172097,33578,33667
09: 0.9655315368670417,0.9968712394705175,33136,33240
10: 0.9695331695331695,0.999002493765586,32048,32080
11: 0.9717521272894063,0.9967006214363509,31115,31218
12: 0.9562647754137116,1.001007556675063,29805,29775
13: 0.9480257723442921,0.9997625669900279,29475,29482
14: 0.930226329181733,1.0154518440832023,29047,28605
15: 0.9097270095133049,1.027630375114364,28080,27325
16: 0.9110390525870576,1.032310056598823,27541,26679
17: 0.9235187634895217,1.0168266598532687,27858,27397
18: 0.8993115004917853,1.0299007202647459,26453,25685
19: 0.6959927797833935,0.8839829964709657,22043,24936
20: 0.5735059472004642,0.7394668270194428,18446,24945
21: 0.4387314297755769,0.6383378659414494,15961,25004
22: 0.40085360070455933,0.6437201907790143,16196,25160
23: 0.39615862926627055,0.5998099988124925,15153,25263
24: 0.3888431521059044,0.6414976841941384,16482,25693
25: 0.2845665109086631,0.520028640757389,13073,25139
26: 0.321406496806538,0.5553310160860075,13740,24742
27: 0.34969136855028476,0.5855534634029086,14616,24961
28: 0.36025761438346976,0.6194241444031788,15511,25041
29: 0.3616551724137931,0.6029877405212308,14854,24634
30: 0.4360330464240036,0.6639830169029881,16577,24966
31: 0.5146092163678287,0.7221004852089529,18454,25556
32: 0.4836484062370636,0.6592592592592592,17088,25920
33: 0.43842198998622267,0.6593402333604683,17009,25797
34: 0.39768453412695814,0.643288345445457,16730,26007
35: 0.3792833365968279,0.5806125883540896,15525,26739
36: 0.2822014420200875,0.4737451597727355,13091,27633
37: 0.25374000122122486,0.45347396736629736,12812,28253
38: 0.21761466761005321,0.377688827010094,10851,28730
39: 0.19153390987710514,0.3621604745551046,10440,28827
40: 0.16706727112301092,0.33810088606711786,9692,28666
41: 0.1587037676067384,0.2920558295728828,8349,28587
42: 0.15466219988833055,0.30103806228373703,8613,28611
43: 0.19433590596441372,0.3162390120644863,8886,28099
44: 0.24567833165763955,0.3813839735289886,10604,27804
45: 0.4759270575370662,0.6814201443593595,18598,27293
46: 0.4854393358072835,0.7059375902918231,19546,27688
47: 0.4929573152060751,0.74656111190715,20841,27916
48: 0.5374417659381546,0.7666163684702163,21338,27834
49: 0.5569770715380525,0.7967368155073458,22072,27703
50: 0.5769017935614075,0.7596164323853111,20913,27531
51: 0.5871930988719309,0.7595909809835584,20651,27187
52: 0.6339342031006208,0.7856909625222218,21656,27563
53: 0.6278659611992945,0.7848522829006267,21917,27925
54: 0.6297458014768346,0.8123682871884311,22358,27522
55: 0.6579140286571143,0.8421949052132701,22746,27008
56: 0.6517832741186116,0.8343956294104257,21993,26358
57: 0.675595652779713,0.8571869811976371,22202,25901
58: 0.6623704118800785,0.8563829787234043,21896,25568
59: 0.6732131801609685,0.9135787900243884,23225,25422
60: 0.7210650180898521,0.9309162561576355,23622,25375
61: 0.686703560766038,0.8844370322160755,21743,24584
62: 0.6556734573150442,0.9072788449252523,21302,23479
63: 0.6726710475454194,0.9171503256390944,20701,22571
64: 0.7101791310403528,0.9774089648385077,21849,22354
65: 0.7251795767812075,0.9917518379056841,22124,22308
66: 0.7216526048957663,1.0285752496433667,23073,22432
67: 0.7213664547829817,0.9644414775255897,21671,22470
68: 0.749829893399864,1.0457860078667078,23663,22627
69: 0.7287077123481859,1.0137010755567457,22714,22407
70: 0.7401078797480292,1.038623005877414,23503,22629
71: 0.7306873763208005,1.0314225611359453,23535,22818
72: 0.7208185118632879,1.0166315698998667,23656,23269
73: 0.6900410979010715,1.0037850772242767,23072,22985
74: 0.6454304830527167,0.9927429767151952,22298,22461
75: 0.6587550215604614,1.0160813474287762,22683,22324
76: 0.6820656283078784,1.0218112418775844,22487,22007
77: 0.6839938045408183,1.04885783885646,22820,21757
78: 0.6734602796786671,1.0788172788172787,23351,21645
79: 0.6637083410053397,1.0758132696195553,23414,21764
80: 0.6721920652847099,1.1177447633108795,24226,21674
81: 0.6634515890613452,1.1158691360345963,23739,21274
82: 0.6449270019171214,1.0492834833731397,22845,21772
83: 0.6692190448541152,1.0729640813015457,23808,22189
84: 0.672915993247854,1.078955590270029,24174,22405
85: 0.6611358844066507,1.1030634573304157,25205,22850
86: 0.6535632339047105,1.1072887551064288,25750,23255
87: 0.6335465482384913,1.108620320855615,25914,23375
88: 0.636497473818048,1.1078262368557146,25706,23204
89: 0.6276073228296231,1.164574143196471,27456,23576
#goat
05: 0.9245767060030785,0.9550928592982745,34816,36453
06: 0.928899397871931,0.9537707474657457,34248,35908
07: 0.92263728982026,0.9517910196759908,33958,35678
08: 0.921228719049098,0.97412242529736,33578,34470
09: 0.8966417063762196,0.9823313174433772,33136,33732
10: 0.895149176803228,0.9922595826366958,32048,32298
11: 0.895285735940579,0.9908920098086048,31115,31401
12: 0.8670846784206605,0.9822046465645081,29805,30345
13: 0.8481075697211156,0.9857529848500051,29475,29901
14: 0.8293311541362837,0.9962956611215915,29047,29155
15: 0.7908710560256692,0.9733102253032929,28080,28850
16: 0.763181832439384,0.9605873530745352,27541,28671
17: 0.7767603410167351,0.9805011966774603,27858,28412
18: 0.7210297707745474,0.9505210204814948,26453,27830
19: 0.6096432205336922,0.8164678865101118,22043,26998
20: 0.5092868988391377,0.6816955541594294,18446,27059
21: 0.38165851775604737,0.5913233550681684,15961,26992
22: 0.3572443854828011,0.6049378104807082,16196,26773
23: 0.3596887712274811,0.5620132037682665,15153,26962
24: 0.34829360946020466,0.5987140833303062,16482,27529
25: 0.2546851283957501,0.4765602216389618,13073,27432
26: 0.28806792978898677,0.5105149736196775,13740,26914
27: 0.31821504624479546,0.544175136825645,14616,26859
28: 0.33001131790744465,0.5788982608046578,15511,26794
29: 0.33280285807080223,0.5673146698239315,14854,26183
30: 0.39445476167204246,0.6321549784540289,16577,26223
31: 0.47853964930646425,0.6900755366090794,18454,26742
32: 0.4488875820837009,0.6268295367007813,17088,27261
33: 0.40486281507918803,0.6281715108763896,17009,27077
34: 0.3726006774557772,0.6188503366131538,16730,27034
35: 0.35514427736267856,0.558011645460427,15525,27822
36: 0.2615793126338976,0.4558306347714057,13091,28719
37: 0.23699269301875164,0.4366586005930268,12812,29341
38: 0.20069612412247065,0.3634567074191928,10851,29855
39: 0.1766075743020988,0.3482321547698466,10440,29980
40: 0.1520338241726199,0.3250494684240534,9692,29817
41: 0.1473665169284573,0.2810354113370136,8349,29708
42: 0.14355303412837497,0.2881854987118145,8613,29887
43: 0.17806625436286816,0.3002838605028386,8886,29592
44: 0.21048583120519368,0.36898879532326534,10604,28738
45: 0.4439325532110937,0.6545134612000704,18598,28415
46: 0.4728420794507111,0.6857283188324446,19546,28504
47: 0.48026651460127856,0.7317766853932585,20841,28480
48: 0.5173422736970436,0.750123040146242,21338,28446
49: 0.5270021432668216,0.7741030407182689,22072,28513
50: 0.5442009822440499,0.7432562106834417,20913,28137
51: 0.5609156751163994,0.7475475113122172,20651,27625
52: 0.6166100048567266,0.7659604569730839,21656,28273
53: 0.6033523106771413,0.7691794763809925,21917,28494
54: 0.621003979971755,0.7943579904782208,22358,28146
55: 0.643601649511316,0.8160878300803674,22746,27872
56: 0.6584637077821796,0.8024885061665329,21993,27406
57: 0.6655249593054802,0.8250157927984839,22202,26911
58: 0.6582529584786921,0.8235294117647058,21896,26588
59: 0.6751441166497117,0.8872970391595033,23225,26175
60: 0.7212091797822922,0.9075610880590134,23622,26028
61: 0.6788271758879904,0.8566981875492514,21743,25380
62: 0.6707481505776028,0.8678753310246486,21302,24545
63: 0.6977322268537994,0.8737179757734352,20701,23693
64: 0.7314068441064638,0.9224046945581965,21849,23687
65: 0.7312195863746959,0.9449047578371914,22124,23414
66: 0.7439326771357728,0.9882640167901657,23073,23347
67: 0.7550637366074919,0.9335717055098436,21671,23213
68: 0.7806490841377214,1.0202647350493683,23663,23193
69: 0.7676502394562027,0.9852520170035569,22714,23054
70: 0.7857442507913505,1.0078041250375198,23503,23321
71: 0.7788519637462236,0.9985574271288556,23535,23569
72: 0.7659977703455965,0.9911593413499812,23656,23867
73: 0.7398286140089418,0.9765925925925926,23072,23625
74: 0.7222995074632478,0.9484474691620587,22298,23510
75: 0.7353598061854109,0.9794041450777202,22683,23160
76: 0.7653799992256766,0.9729998701916837,22487,23111
77: 0.7672592138533446,0.9790209790209791,22820,23309
78: 0.7488183659689399,1.003524001890928,23351,23269
79: 0.7405258655955967,1.0011544875358105,23414,23387
80: 0.7479624282738204,1.0265254237288135,24226,23600
81: 0.7409918207943409,1.0095258345736764,23739,23515
82: 0.7251916879653295,0.9627054361567636,22845,23730
83: 0.7280516976686066,0.968080348066523,23808,24593
84: 0.723771440597706,0.9681605190436141,24174,24969
85: 0.7184640412119568,0.9884313725490196,25205,25500
86: 0.7020243178928839,0.9730567207043797,25750,26463
87: 0.6683770429494489,0.9683856502242153,25914,26760
88: 0.6742588115536328,0.9546906335883533,25706,26926
89: 0.6739230134222032,1.005972227311032,27456,27293
#goat
05: 0.9245767060030785,0.9550928592982745,34816,36453
06: 0.9140394894731101,0.9530276046304541,34248,35936
07: 0.8995830721857373,0.9498475567117004,33958,35751
08: 0.908331271817707,0.9366509526067672,33578,35849
09: 0.9035053608132881,0.9362038763632254,33136,35394
10: 0.9026566502604841,0.9410382898754992,32048,34056
11: 0.8949272165857962,0.9337674809435208,31115,33322
12: 0.8660944721205209,0.9205608919912284,29805,32377
13: 0.8499125821426419,0.9241550134821597,29475,31894
14: 0.8213317264236216,0.9249753208292202,29047,31403
15: 0.7773076461409194,0.9015314476514592,28080,31147
16: 0.7578216925629808,0.8964585638955798,27541,30722
17: 0.7783983397424159,0.9159898727517838,27858,30413
18: 0.7049599711069644,0.876043184527752,26453,30196
19: 0.5826113671274962,0.7479556173865834,22043,29471
20: 0.47781664212076586,0.6206803728254652,18446,29719
21: 0.35387685800244256,0.5412343167175314,15961,29490
22: 0.3298731593526753,0.5506595947232422,16196,29412
23: 0.3313124108416548,0.5111830786357656,15153,29643
24: 0.3249290981281906,0.5451298164379031,16482,30235
25: 0.23504895663840597,0.4329954954954955,13073,30192
26: 0.26318061471163806,0.455676052134116,13740,30153
27: 0.291171721831392,0.48450293366924124,14616,30167
28: 0.30333390420734146,0.5144610281923715,15511,30150
29: 0.30237769564331657,0.49683914774057597,14854,29897
30: 0.37025371828521436,0.5451346640797132,16577,30409
31: 0.432010635530765,0.5934716192313877,18454,31095
32: 0.4011617825559216,0.5442904921165791,17088,31395
33: 0.3679800983644058,0.5516670991177997,17009,30832
34: 0.34174690900803373,0.5509088514225501,16730,30368
35: 0.3303725422559503,0.5047795552087397,15525,30756
36: 0.24872097599370327,0.4178289872650091,13091,31331
37: 0.22472248045059331,0.40061286388793343,12812,31981
38: 0.19083301427555652,0.33190591258067476,10851,32693
39: 0.16978319783197832,0.31902215431627196,10440,32725
40: 0.14951414028688859,0.29784880147510756,9692,32540
41: 0.14059455547514335,0.25588451636631115,8349,32628
42: 0.13622094944377133,0.2637978560490046,8613,32650
43: 0.17206939847049424,0.276065614514726,8886,32188
44: 0.2169051237205035,0.33306112192976944,10604,31838
45: 0.4375972342264477,0.5941663205648382,18598,31301
46: 0.46306663221657623,0.6221472451220676,19546,31417
47: 0.4744860602647142,0.6612411955073292,20841,31518
48: 0.5083036604472297,0.6750181898706147,21338,31611
49: 0.5250113430127041,0.696145839904119,22072,31706
50: 0.5337702053298383,0.6586979117452518,20913,31749
51: 0.5482976337994926,0.6488516039840387,20651,31827
52: 0.6079918156105193,0.6813491064686634,21656,31784
53: 0.5977736329454955,0.6838164175844748,21917,32051
54: 0.606410789614402,0.704921650849702,22358,31717
55: 0.6301440329218106,0.7307482250136538,22746,31127
56: 0.6364803909284551,0.7270413223140496,21993,30250
57: 0.6528566443549154,0.7425169726764991,22202,29901
58: 0.6462365247432904,0.7405553488686711,21896,29567
59: 0.6593271979143763,0.7845488632908827,23225,29603
60: 0.7025973611066739,0.7961309022277645,23622,29671
61: 0.6550680294251676,0.7470794392523364,21743,29104
62: 0.6448682711000872,0.7670591624356343,21302,27771
63: 0.6684374557302734,0.7838615623461699,20701,26409
64: 0.7174287560117724,0.8402815168063995,21849,26002
65: 0.7336328393898772,0.8599860063748737,22124,25726
66: 0.7558621186471203,0.8986562804284324,23073,25675
67: 0.742515853119009,0.8467549720626734,21671,25593
68: 0.7749928284566838,0.9158216580230668,23663,25838
69: 0.7708593234020694,0.8890367529061802,22714,25549
70: 0.7730274965898485,0.9078022402471997,23503,25890
71: 0.7751189326465644,0.9020006132147784,23535,26092
72: 0.7589176322329961,0.8896243089767214,23656,26591
73: 0.7341398227598819,0.8792682926829268,23072,26240
74: 0.69822276966391,0.8590360981623454,22298,25957
75: 0.7046114043981401,0.8699470737132776,22683,26074
76: 0.7221706864564007,0.8721976572802731,22487,25782
77: 0.727050227014756,0.8821369206386022,22820,25869
78: 0.7170429208472687,0.9003663003663004,23351,25935
79: 0.7159204840103717,0.8930165147412182,23414,26219
80: 0.715213640515579,0.9150864999622271,24226,26474
81: 0.7078732351030734,0.9054466397131742,23739,26218
82: 0.6861907528278031,0.8621405389085969,22845,26498
83: 0.6920014597087217,0.8754872398323159,23808,27194
84: 0.6893340304555258,0.8783199505867819,24174,27523
85: 0.6847712686921058,0.8974222032329274,25205,28086
86: 0.6698130442725778,0.8851839119972499,25750,29090
87: 0.6517226941021653,0.8840446218401392,25914,29313
88: 0.6469185838598164,0.8696799512822248,25706,29558
89: 0.6494789124630358,0.9152915291529153,27456,29997
#goat
05: 0.8261231911508448,0.9836227470990042,35856,36453
06: 0.8625003244141081,0.9985518547398908,35856,35908
07: 0.8340446572633113,0.9746427570748109,34785,35690
08: 0.8165565487757481,0.9791107974594213,34685,35425
09: 0.7386054857728788,0.9561317489616982,33151,34672
10: 0.7492068613217185,0.9462725858561685,31632,33428
11: 0.7065782257853915,0.8862206315303354,30704,34646
12: 0.6972177664693844,0.8270267051713358,27779,33589
13: 0.6125023792043941,0.7347667105455609,25118,34185
14: 0.5882707198164612,0.7806893447366728,24281,31102
15: 0.5325306408941202,0.7825226865952837,24921,31847
16: 0.4559198360737668,0.916230883078441,27858,30405
17: 0.41581146912633843,0.8588357520859712,26453,30801
18: 0.3623921610395143,0.7568931772138859,22043,29123
19: 0.3715759215421035,0.6103298812162923,18446,30223
20: 0.39003956248545496,0.6174468085106383,15961,25850
21: 0.357885768010342,0.539489024349622,16196,30021
22: 0.34831814996496147,0.6495627572016461,15153,23328
23: 0.42901824500434405,0.5015519444951616,16482,32862
24: 0.3458714221489585,0.5720975012034484,13073,22851
25: 0.35446100540637415,0.43472758337024614,13740,31606
26: 0.3506276448205967,0.6255510378771667,14616,23365
27: 0.4267216368911284,0.4970359214278848,15511,31207
28: 0.4222451403212701,0.4845539063774262,14854,30655
29: 0.38391592989963186,0.4935483870967742,14535,29450
30: 0.4450660102931305,0.6898175837320574,18454,26752
31: 0.3031189898820972,0.5760517799352751,17088,29664
32: 0.40414102244832617,0.7573018699910953,17009,22460
33: 0.3240634614224528,0.6157979976442874,16730,27168
34: 0.3631602452194389,0.8600631543958783,15525,18051
35: 0.2936830321445706,0.47854218452990205,13091,27356
36: 0.3354970960027332,0.8804893134492475,12812,14551
37: 0.277398091934085,0.417828263380824,10851,25970
38: 0.28680031241864096,0.7314509913823303,10440,14273
39: 0.24099210674064533,0.3475828432075742,9692,27884
40: 0.26609467110255064,0.6257213520197856,8349,13343
41: 0.20751096491228072,0.3875888758887589,8613,22222
42: 0.29275664981314575,0.6070916171346588,8886,14637
43: 0.27375061850569027,0.34671723777138375,10604,30584
44: 0.282893672115229,0.8923370732871807,11214,12567
45: 0.20177232447171098,0.7968527049614742,19546,24529
46: 0.22737428121451855,1.6449092344119969,20841,12670
47: 0.3088856518572469,0.6550422102839601,21338,32575
48: 0.2918869644484959,1.6523431651444827,22072,13358
49: 0.24615082592478335,0.8891203605288891,20913,23521
50: 0.2598373747640482,1.4692991817858414,20651,14055
51: 0.38442301742807056,0.675841837530818,21656,32043
52: 0.37122225193902114,1.5686372745490982,21917,13972
53: 0.4651909524892021,0.7655538435199453,22358,29205
54: 0.3950445218737902,1.7117700180614088,22746,13288
55: 0.552751868552721,0.7776324163779083,21993,28282
56: 0.3167438271604938,1.4472329052864872,22202,15341
57: 0.4998757378067723,0.8298654538563578,21896,26385
58: 0.26027929883679485,1.4820368834152255,23225,15671
59: 0.5596932202882051,0.8306199233447027,23622,28439
60: 0.20664301838116736,1.3871132376395534,21743,15675
61: 0.27420619934346224,0.9442375886524823,21302,22560
62: 0.17256839900510537,1.3683897408778425,20701,15128
63: 0.42063207038965705,0.8528103044496487,21849,25620
64: 0.12814125120667644,1.5686330119115144,22124,14104
65: 0.12812040096631772,1.314401276062436,23073,17554
66: 0.06328663409583589,1.9362937812723373,21671,11192
67: 0.1817598736956361,0.9761158320270604,23663,24242
68: 0.04874248137875152,2.0768035110176464,22714,10937
69: 0.03954440390988331,1.6999132070013019,23503,13826
70: 0.023391260546530665,2.6231609451627285,23535,8972
71: 0.0774940822282996,1.018382194670455,23656,23229
72: 0.022485987471150676,2.905793450881612,23072,7940
73: 0.019948935215061307,1.5865945638252454,22298,14054
74: 0.01652515612939443,3.606200317965024,22683,6290
75: 0.04161597612762539,0.9823511423703639,22487,22891
76: 0.004207422324510932,4.470127326150832,22820,5105
77: 0.028457424700047106,1.6964039229930985,23351,13765
78: 0.009555891654062973,3.9311618535930153,23414,5956
79: 0.06339329996843861,1.0558751743375174,24226,22944
80: 0.005278375470683163,3.852482960077897,23739,6162
81: 0.03299904756568996,1.628180457558264,22845,14031
82: 0.0055463995943204865,3.0064402070968557,23808,7919
83: 0.058144407660394755,0.9182208379230448,24174,26327
84: 0.005518213038245913,2.7844675209898364,25205,9052
85: 0.03517266113331284,1.7566000409304865,25750,14659
86: 0.007113410395279282,2.260664747448312,25914,11463
87: 0.0906508976070876,0.9982137309723517,25706,25752
88: 0.01068900097172736,1.691890559526744,27456,16228
89: 0.037828677636254304,2.0623437373981774,25571,12399
#goat
05: 0.8261231911508448,0.9836227470990042,35856,36453
06: 0.8625003244141081,0.9985518547398908,35856,35908
07: 0.8340446572633113,0.9746427570748109,34785,35690
08: 0.8165565487757481,0.9791107974594213,34685,35425
09: 0.7386054857728788,0.9561317489616982,33151,34672
10: 0.7492068613217185,0.9462725858561685,31632,33428
11: 0.7065782257853915,0.8862206315303354,30704,34646
12: 0.6972177664693844,0.8270267051713358,27779,33589
13: 0.6125023792043941,0.7347667105455609,25118,34185
14: 0.5882707198164612,0.7806893447366728,24281,31102
15: 0.5325306408941202,0.7825226865952837,24921,31847
16: 0.4559198360737668,0.916230883078441,27858,30405
17: 0.41581146912633843,0.8588357520859712,26453,30801
18: 0.3623921610395143,0.7568931772138859,22043,29123
19: 0.3715759215421035,0.6103298812162923,18446,30223
20: 0.39003956248545496,0.6174468085106383,15961,25850
21: 0.357885768010342,0.539489024349622,16196,30021
22: 0.34831814996496147,0.6495627572016461,15153,23328
23: 0.42901824500434405,0.5015519444951616,16482,32862
24: 0.3458714221489585,0.5720975012034484,13073,22851
25: 0.35446100540637415,0.43472758337024614,13740,31606
26: 0.3506276448205967,0.6255510378771667,14616,23365
27: 0.4267216368911284,0.4970359214278848,15511,31207
28: 0.4222451403212701,0.4845539063774262,14854,30655
29: 0.38391592989963186,0.4935483870967742,14535,29450
30: 0.4450660102931305,0.6898175837320574,18454,26752
31: 0.3031189898820972,0.5760517799352751,17088,29664
32: 0.40414102244832617,0.7573018699910953,17009,22460
33: 0.3240634614224528,0.6157979976442874,16730,27168
34: 0.3631602452194389,0.8600631543958783,15525,18051
35: 0.2936830321445706,0.47854218452990205,13091,27356
36: 0.3354970960027332,0.8804893134492475,12812,14551
37: 0.277398091934085,0.417828263380824,10851,25970
38: 0.28680031241864096,0.7314509913823303,10440,14273
39: 0.24099210674064533,0.3475828432075742,9692,27884
40: 0.26609467110255064,0.6257213520197856,8349,13343
41: 0.20751096491228072,0.3875888758887589,8613,22222
42: 0.29275664981314575,0.6070916171346588,8886,14637
43: 0.27375061850569027,0.34671723777138375,10604,30584
44: 0.282893672115229,0.8923370732871807,11214,12567
45: 0.20177232447171098,0.7968527049614742,19546,24529
46: 0.22737428121451855,1.6449092344119969,20841,12670
47: 0.3088856518572469,0.6550422102839601,21338,32575
48: 0.2918869644484959,1.6523431651444827,22072,13358
49: 0.24615082592478335,0.8891203605288891,20913,23521
50: 0.2598373747640482,1.4692991817858414,20651,14055
51: 0.38442301742807056,0.675841837530818,21656,32043
52: 0.37122225193902114,1.5686372745490982,21917,13972
53: 0.4651909524892021,0.7655538435199453,22358,29205
54: 0.3950445218737902,1.7117700180614088,22746,13288
55: 0.552751868552721,0.7776324163779083,21993,28282
56: 0.3167438271604938,1.4472329052864872,22202,15341
57: 0.4998757378067723,0.8298654538563578,21896,26385
58: 0.26027929883679485,1.4820368834152255,23225,15671
59: 0.5596932202882051,0.8306199233447027,23622,28439
60: 0.20664301838116736,1.3871132376395534,21743,15675
61: 0.27420619934346224,0.9442375886524823,21302,22560
62: 0.17256839900510537,1.3683897408778425,20701,15128
63: 0.42063207038965705,0.8528103044496487,21849,25620
64: 0.12814125120667644,1.5686330119115144,22124,14104
65: 0.12812040096631772,1.314401276062436,23073,17554
66: 0.06328663409583589,1.9362937812723373,21671,11192
67: 0.1817598736956361,0.9761158320270604,23663,24242
68: 0.04874248137875152,2.0768035110176464,22714,10937
69: 0.03954440390988331,1.6999132070013019,23503,13826
70: 0.023391260546530665,2.6231609451627285,23535,8972
71: 0.0774940822282996,1.018382194670455,23656,23229
72: 0.022485987471150676,2.905793450881612,23072,7940
73: 0.019948935215061307,1.5865945638252454,22298,14054
74: 0.01652515612939443,3.606200317965024,22683,6290
75: 0.04161597612762539,0.9823511423703639,22487,22891
76: 0.004207422324510932,4.470127326150832,22820,5105
77: 0.028457424700047106,1.6964039229930985,23351,13765
78: 0.009555891654062973,3.9311618535930153,23414,5956
79: 0.06339329996843861,1.0558751743375174,24226,22944
80: 0.005278375470683163,3.852482960077897,23739,6162
81: 0.03299904756568996,1.628180457558264,22845,14031
82: 0.0055463995943204865,3.0064402070968557,23808,7919
83: 0.058144407660394755,0.9182208379230448,24174,26327
84: 0.005518213038245913,2.7844675209898364,25205,9052
85: 0.03517266113331284,1.7566000409304865,25750,14659
86: 0.007113410395279282,2.260664747448312,25914,11463
87: 0.0906508976070876,0.9982137309723517,25706,25752
88: 0.01068900097172736,1.691890559526744,27456,16228
89: 0.037828677636254304,2.0623437373981774,25571,12399
#goat
05: 0.81923680621671,0.9395111513455683,34248,36453
06: 0.8766273001922549,0.9880128018620891,33958,34370
07: 0.834865301581415,0.9408237601569067,33578,35690
08: 0.7951326604374716,0.977059621395294,33136,33914
09: 0.7184198799444285,0.9564283156261192,32048,33508
10: 0.7385974449578689,0.9472418412079883,31115,32848
11: 0.6873996472848832,0.8689251042243666,29805,34301
12: 0.6741073818318077,0.8912103528558039,29475,33073
13: 0.5249258304557172,0.8629274234277057,29047,33661
14: 0.5472547953715927,0.8860280196895115,28080,31692
15: 0.49404155632511715,0.8846240323772203,27541,31133
16: 0.5359147909124298,0.907781543274244,27858,30688
17: 0.4187039580471969,0.8713396356928753,26453,30359
18: 0.4217542667912032,0.7819716910851751,22043,28189
19: 0.37654568353560797,0.6222297183336144,18446,29645
20: 0.4108101033896087,0.5876873228027542,15961,27159
21: 0.36225660332960763,0.5377515107244837,16196,30118
22: 0.3917324118145661,0.5502778080400915,15153,27537
23: 0.4362748001184483,0.5147247119078106,16482,32021
24: 0.36899986629228504,0.46886880424646726,13073,27882
25: 0.37541953987917254,0.43844533792839363,13740,31338
26: 0.4270475121061127,0.5610317825886688,14616,26052
27: 0.4380391662993514,0.5142222516907572,15511,30164
28: 0.4489950180381378,0.5437241480288444,14854,27319
29: 0.4108980058427537,0.4861691808542663,14535,29897
30: 0.4574078912986674,0.7052663762134067,18454,26166
31: 0.3098735325809562,0.5870954442383014,17088,29106
32: 0.40414102244832617,0.7573018699910953,17009,22460
33: 0.3704494770235889,0.6219099661722612,16730,26901
34: 0.3631602452194389,0.8600631543958783,15525,18051
35: 0.30009527877254655,0.49437311178247734,13091,26480
36: 0.3354970960027332,0.8804893134492475,12812,14551
37: 0.2951281522710094,0.4042093499720618,10851,26845
38: 0.28680031241864096,0.7314509913823303,10440,14273
39: 0.23684299361982245,0.3596689798493339,9692,26947
40: 0.26609467110255064,0.6257213520197856,8349,13343
41: 0.22358942542997967,0.3203406850894484,8613,26887
42: 0.29275664981314575,0.6070916171346588,8886,14637
43: 0.27195956551767436,0.3544947013004379,10604,29913
44: 0.282893672115229,0.8923370732871807,11214,12567
45: 0.32070872539511963,0.6337256427714555,19546,30843
46: 0.22737428121451855,1.6449092344119969,20841,12670
47: 0.33044436651470366,0.6715130916414904,21338,31776
48: 0.2918869644484959,1.6523431651444827,22072,13358
49: 0.39173250887438454,0.7549001913150201,20913,27703
50: 0.2598373747640482,1.4692991817858414,20651,14055
51: 0.40545570710297507,0.7483326998168561,21656,28939
52: 0.37122225193902114,1.5686372745490982,21917,13972
53: 0.48803263825929283,0.8317398906290688,22358,26881
54: 0.3950445218737902,1.7117700180614088,22746,13288
55: 0.5362509967490646,0.7827247490924621,21993,28098
56: 0.3167438271604938,1.4472329052864872,22202,15341
57: 0.4683917865241838,0.8629645686359516,21896,25373
58: 0.26027929883679485,1.4820368834152255,23225,15671
59: 0.5335586528683376,0.8542909840512097,23622,27651
60: 0.20664301838116736,1.3871132376395534,21743,15675
61: 0.27335017274917983,0.9444050363539634,21302,22556
62: 0.17256839900510537,1.3683897408778425,20701,15128
63: 0.3657418089524688,0.8566891468005019,21849,25504
64: 0.12814125120667644,1.5686330119115144,22124,14104
65: 0.12714293589107548,1.2946358433396925,23073,17822
66: 0.06328663409583589,1.9362937812723373,21671,11192
67: 0.15624768077579596,1.0254376841740336,23663,23076
68: 0.04874248137875152,2.0768035110176464,22714,10937
69: 0.0393097899963936,1.6834753957452904,23503,13961
70: 0.023391260546530665,2.6231609451627285,23535,8972
71: 0.04396366565240738,1.0282981960443383,23656,23005
72: 0.022485987471150676,2.905793450881612,23072,7940
73: 0.019450610432852386,1.543862078515544,22298,14443
74: 0.01652515612939443,3.606200317965024,22683,6290
75: 0.023725449468023727,1.028212162780064,22487,21870
76: 0.004207422324510932,4.470127326150832,22820,5105
77: 0.025716729670814824,1.6894081898422804,23351,13822
78: 0.009555891654062973,3.9311618535930153,23414,5956
79: 0.04124761033995512,0.9359811459258973,24226,25883
80: 0.005278375470683163,3.852482960077897,23739,6162
81: 0.031132772925166342,1.5422264227367852,22845,14813
82: 0.0055463995943204865,3.0064402070968557,23808,7919
83: 0.04176718321952815,0.9025874621961693,24174,26783
84: 0.005518213038245913,2.7844675209898364,25205,9052
85: 0.034964676973482135,1.7536093707436666,25750,14684
86: 0.007113410395279282,2.260664747448312,25914,11463
87: 0.0585619118517246,0.8640381835904676,25706,29751
88: 0.01068900097172736,1.691890559526744,27456,16228
89: 0.036922994537860125,1.9436758893280632,25571,13156
#goat
05: 0.9245767060030785,0.9550928592982745,34816,36453
06: 0.9140394894731101,0.9530276046304541,34248,35936
07: 0.8995830721857373,0.9498475567117004,33958,35751
08: 0.908331271817707,0.9366509526067672,33578,35849
09: 0.9035053608132881,0.9362038763632254,33136,35394
10: 0.9026566502604841,0.9410382898754992,32048,34056
11: 0.8949272165857962,0.9337674809435208,31115,33322
12: 0.8660944721205209,0.9205608919912284,29805,32377
13: 0.8499125821426419,0.9241550134821597,29475,31894
14: 0.8213317264236216,0.9249753208292202,29047,31403
15: 0.7773076461409194,0.9015314476514592,28080,31147
16: 0.7578216925629808,0.8964585638955798,27541,30722
17: 0.7783983397424159,0.9159898727517838,27858,30413
18: 0.7049599711069644,0.876043184527752,26453,30196
19: 0.5826113671274962,0.7479556173865834,22043,29471
20: 0.47781664212076586,0.6206803728254652,18446,29719
21: 0.35387685800244256,0.5412343167175314,15961,29490
22: 0.3298731593526753,0.5506595947232422,16196,29412
23: 0.3313124108416548,0.5111830786357656,15153,29643
24: 0.3249290981281906,0.5451298164379031,16482,30235
25: 0.23504895663840597,0.4329954954954955,13073,30192
26: 0.26318061471163806,0.455676052134116,13740,30153
27: 0.291171721831392,0.48450293366924124,14616,30167
28: 0.30333390420734146,0.5144610281923715,15511,30150
29: 0.30237769564331657,0.49683914774057597,14854,29897
30: 0.37025371828521436,0.5451346640797132,16577,30409
31: 0.432010635530765,0.5934716192313877,18454,31095
32: 0.4011617825559216,0.5442904921165791,17088,31395
33: 0.3679800983644058,0.5516670991177997,17009,30832
34: 0.34174690900803373,0.5509088514225501,16730,30368
35: 0.3303725422559503,0.5047795552087397,15525,30756
36: 0.24872097599370327,0.4178289872650091,13091,31331
37: 0.22472248045059331,0.40061286388793343,12812,31981
38: 0.19083301427555652,0.33190591258067476,10851,32693
39: 0.16978319783197832,0.31902215431627196,10440,32725
40: 0.14951414028688859,0.29784880147510756,9692,32540
41: 0.14059455547514335,0.25588451636631115,8349,32628
42: 0.13622094944377133,0.2637978560490046,8613,32650
43: 0.17206939847049424,0.276065614514726,8886,32188
44: 0.2169051237205035,0.33306112192976944,10604,31838
45: 0.4375972342264477,0.5941663205648382,18598,31301
46: 0.46306663221657623,0.6221472451220676,19546,31417
47: 0.4744860602647142,0.6612411955073292,20841,31518
48: 0.5083036604472297,0.6750181898706147,21338,31611
49: 0.5250113430127041,0.696145839904119,22072,31706
50: 0.5337702053298383,0.6586979117452518,20913,31749
51: 0.5482976337994926,0.6488516039840387,20651,31827
52: 0.6079918156105193,0.6813491064686634,21656,31784
53: 0.5977736329454955,0.6838164175844748,21917,32051
54: 0.606410789614402,0.704921650849702,22358,31717
55: 0.6301440329218106,0.7307482250136538,22746,31127
56: 0.6364803909284551,0.7270413223140496,21993,30250
57: 0.6528566443549154,0.7425169726764991,22202,29901
58: 0.6462365247432904,0.7405553488686711,21896,29567
59: 0.6593271979143763,0.7845488632908827,23225,29603
60: 0.7025973611066739,0.7961309022277645,23622,29671
61: 0.6550680294251676,0.7470794392523364,21743,29104
62: 0.6448682711000872,0.7670591624356343,21302,27771
63: 0.6684374557302734,0.7838615623461699,20701,26409
64: 0.7174287560117724,0.8402815168063995,21849,26002
65: 0.7336328393898772,0.8599860063748737,22124,25726
66: 0.7558621186471203,0.8986562804284324,23073,25675
67: 0.742515853119009,0.8467549720626734,21671,25593
68: 0.7749928284566838,0.9158216580230668,23663,25838
69: 0.7708593234020694,0.8890367529061802,22714,25549
70: 0.7730274965898485,0.9078022402471997,23503,25890
71: 0.7751189326465644,0.9020006132147784,23535,26092
72: 0.7589176322329961,0.8896243089767214,23656,26591
73: 0.7341398227598819,0.8792682926829268,23072,26240
74: 0.69822276966391,0.8590360981623454,22298,25957
75: 0.7046114043981401,0.8699470737132776,22683,26074
76: 0.7221706864564007,0.8721976572802731,22487,25782
77: 0.727050227014756,0.8821369206386022,22820,25869
78: 0.7170429208472687,0.9003663003663004,23351,25935
79: 0.7159204840103717,0.8930165147412182,23414,26219
80: 0.715213640515579,0.9150864999622271,24226,26474
81: 0.7078732351030734,0.9054466397131742,23739,26218
82: 0.6861907528278031,0.8621405389085969,22845,26498
83: 0.6920014597087217,0.8754872398323159,23808,27194
84: 0.6893340304555258,0.8783199505867819,24174,27523
85: 0.6847712686921058,0.8974222032329274,25205,28086
86: 0.6698130442725778,0.8851839119972499,25750,29090
87: 0.6517226941021653,0.8840446218401392,25914,29313
88: 0.6469185838598164,0.8696799512822248,25706,29558
89: 0.6494789124630358,0.9152915291529153,27456,29997
#goat
05: 0.81923680621671,0.9395111513455683,34248,36453
06: 0.8502223634053367,0.9449577025823687,33958,35936
07: 0.8704203313009227,0.9392184833990658,33578,35751
08: 0.8130568477489553,0.9243214594549359,33136,35849
09: 0.8016241919110969,0.9054642029722552,32048,35394
10: 0.8595845460252239,0.913642236316655,31115,34056
11: 0.8392576190198706,0.8944541143988957,29805,33322
12: 0.7615128300059807,0.9103684714457794,29475,32377
13: 0.6760912016282076,0.9107355615476265,29047,31894
14: 0.7243448515769945,0.8941820845142184,28080,31403
15: 0.7514100689367036,0.8842264102481779,27541,31147
16: 0.7635548062738959,0.9067769025454072,27858,30722
17: 0.7016068703432179,0.8697925229342716,26453,30413
18: 0.5690685729732977,0.7299973506424692,22043,30196
19: 0.4884291616189855,0.6259034304909912,18446,29471
20: 0.373875906042287,0.5370638312190854,15961,29719
21: 0.3454074270400801,0.5492031197015937,16196,29490
22: 0.3317296198900311,0.5151978784169726,15153,29412
23: 0.3347126569824643,0.5560165975103735,16482,29643
24: 0.2527987503254361,0.4323796924094592,13073,30235
25: 0.2683180322189503,0.455087440381558,13740,30192
26: 0.27177433100392023,0.484727887772361,14616,30153
27: 0.28226146029250765,0.5141711141313355,15511,30167
28: 0.30238749819128924,0.49266998341625207,14854,30150
29: 0.27425506897243973,0.4861691808542663,14535,29897
30: 0.41508832898928466,0.6068598112400934,18454,30409
31: 0.3947086577705734,0.5495417269657501,17088,31095
32: 0.36130719689512614,0.5417741678611244,17009,31395
33: 0.3364992834462023,0.542618059159315,16730,30832
34: 0.32869137232194556,0.5112289251844047,15525,30368
35: 0.2631654759161097,0.42564052542593317,13091,30756
36: 0.2351838379316134,0.4089240688136351,12812,31331
37: 0.20189690490220838,0.3392952065288765,10851,31981
38: 0.1788515674109705,0.3193344140947603,10440,32693
39: 0.15662749161508466,0.2961650114591291,9692,32725
40: 0.14576736626782863,0.25657652120467117,8349,32540
41: 0.13199934123847168,0.26397572636998895,8613,32628
42: 0.15128333056156107,0.2721592649310873,8886,32650
43: 0.18076212025054497,0.32943954268671555,10604,32188
44: 0.2224777806173155,0.35222061687291917,11214,31838
45: 0.4420589903573454,0.6244528928788218,19546,31301
46: 0.4500804706143515,0.6633669669287329,20841,31417
47: 0.44304903352626407,0.6770099625610763,21338,31518
48: 0.4231595132684711,0.6982379551421973,22072,31611
49: 0.4440297483465518,0.6595912445593894,20913,31706
50: 0.4634418812489527,0.6504456833286087,20651,31749
51: 0.536382178047169,0.6804285669400195,21656,31827
52: 0.546865998386911,0.6895607853007802,21917,31784
53: 0.541375109776481,0.6975757386665002,22358,32051
54: 0.5760794073388124,0.7171548380994419,22746,31717
55: 0.6017368230611506,0.7065570083850033,21993,31127
56: 0.6322389917535397,0.7339504132231405,22202,30250
57: 0.6060587268611826,0.7322832012307281,21896,29901
58: 0.602963502763102,0.7855041093110563,23225,29567
59: 0.6204901811539048,0.7979596662500422,23622,29603
60: 0.5730632725492596,0.7328030737083348,21743,29671
61: 0.5294474618442213,0.7319268829026938,21302,29104
62: 0.5679627353302711,0.745417881963199,20701,27771
63: 0.6645281456953642,0.8273315915028967,21849,26409
64: 0.611127849753942,0.8508576263364357,22124,26002
65: 0.5888711620486439,0.8968747570551193,23073,25726
66: 0.6303157604765676,0.8440506329113924,21671,25675
67: 0.7203129365744622,0.9245887547376236,23663,25593
68: 0.6954881966755133,0.8790928090409474,22714,25838
69: 0.667527875985858,0.919918587811656,23503,25549
70: 0.7210460338463681,0.9090382387022016,23535,25890
71: 0.7185297775321265,0.9066380499770045,23656,26092
72: 0.6800175907445621,0.8676619908991764,23072,26591
73: 0.6835934790149151,0.8497713414634146,22298,26240
74: 0.6790941728804197,0.8738683206842085,22683,25957
75: 0.7092323395867798,0.8624300069034287,22487,26074
76: 0.7000839513082412,0.885113645178807,22820,25782
77: 0.6860206213818381,0.9026634195368974,23351,25869
78: 0.6706953754485747,0.9027954501638712,23414,25935
79: 0.6645218768560681,0.9239864220603379,24226,26219
80: 0.6754421087754421,0.8966910931479942,23739,26474
81: 0.6637729322798331,0.8713479289038065,22845,26218
82: 0.6730743647731808,0.8984829043701411,23808,26498
83: 0.6021958142291257,0.8889460910494962,24174,27194
84: 0.584279790877952,0.9157795298477637,25205,27523
85: 0.6525769714829481,0.9168268888414156,25750,28086
86: 0.6158636897767332,0.8908215881746304,25914,29090
87: 0.6286483926351312,0.8769487940504214,25706,29313
88: 0.6193018830412679,0.928885580891806,27456,29558
89: 0.5903835145964511,0.8524519118578524,25571,29997
#goat
05: 0.9245767060030785,0.9550928592982745,34816,36453
06: 0.9140394894731101,0.9530276046304541,34248,35936
07: 0.8995830721857373,0.9498475567117004,33958,35751
08: 0.908331271817707,0.9366509526067672,33578,35849
09: 0.9035053608132881,0.9362038763632254,33136,35394
10: 0.9026566502604841,0.9410382898754992,32048,34056
11: 0.8949272165857962,0.9337674809435208,31115,33322
12: 0.8660944721205209,0.9205608919912284,29805,32377
13: 0.8499125821426419,0.9241550134821597,29475,31894
14: 0.8213317264236216,0.9249753208292202,29047,31403
15: 0.7773076461409194,0.9015314476514592,28080,31147
16: 0.7578216925629808,0.8964585638955798,27541,30722
17: 0.7783983397424159,0.9159898727517838,27858,30413
18: 0.7049599711069644,0.876043184527752,26453,30196
19: 0.5826113671274962,0.7479556173865834,22043,29471
20: 0.47781664212076586,0.6206803728254652,18446,29719
21: 0.35387685800244256,0.5412343167175314,15961,29490
22: 0.3298731593526753,0.5506595947232422,16196,29412
23: 0.3313124108416548,0.5111830786357656,15153,29643
24: 0.3249290981281906,0.5451298164379031,16482,30235
25: 0.23504895663840597,0.4329954954954955,13073,30192
26: 0.26318061471163806,0.455676052134116,13740,30153
27: 0.291171721831392,0.48450293366924124,14616,30167
28: 0.30333390420734146,0.5144610281923715,15511,30150
29: 0.30237769564331657,0.49683914774057597,14854,29897
30: 0.37025371828521436,0.5451346640797132,16577,30409
31: 0.432010635530765,0.5934716192313877,18454,31095
32: 0.4011617825559216,0.5442904921165791,17088,31395
33: 0.3679800983644058,0.5516670991177997,17009,30832
34: 0.34174690900803373,0.5509088514225501,16730,30368
35: 0.3303725422559503,0.5047795552087397,15525,30756
36: 0.24872097599370327,0.4178289872650091,13091,31331
37: 0.22472248045059331,0.40061286388793343,12812,31981
38: 0.19083301427555652,0.33190591258067476,10851,32693
39: 0.16978319783197832,0.31902215431627196,10440,32725
40: 0.14951414028688859,0.29784880147510756,9692,32540
41: 0.14059455547514335,0.25588451636631115,8349,32628
42: 0.13622094944377133,0.2637978560490046,8613,32650
43: 0.17206939847049424,0.276065614514726,8886,32188
44: 0.2169051237205035,0.33306112192976944,10604,31838
45: 0.4375972342264477,0.5941663205648382,18598,31301
46: 0.46306663221657623,0.6221472451220676,19546,31417
47: 0.4744860602647142,0.6612411955073292,20841,31518
48: 0.5083036604472297,0.6750181898706147,21338,31611
49: 0.5250113430127041,0.696145839904119,22072,31706
50: 0.5337702053298383,0.6586979117452518,20913,31749
51: 0.5482976337994926,0.6488516039840387,20651,31827
52: 0.6079918156105193,0.6813491064686634,21656,31784
53: 0.5977736329454955,0.6838164175844748,21917,32051
54: 0.606410789614402,0.704921650849702,22358,31717
55: 0.6301440329218106,0.7307482250136538,22746,31127
56: 0.6364803909284551,0.7270413223140496,21993,30250
57: 0.6528566443549154,0.7425169726764991,22202,29901
58: 0.6462365247432904,0.7405553488686711,21896,29567
59: 0.6593271979143763,0.7845488632908827,23225,29603
60: 0.7025973611066739,0.7961309022277645,23622,29671
61: 0.6550680294251676,0.7470794392523364,21743,29104
62: 0.6448682711000872,0.7670591624356343,21302,27771
63: 0.6684374557302734,0.7838615623461699,20701,26409
64: 0.7174287560117724,0.8402815168063995,21849,26002
65: 0.7336328393898772,0.8599860063748737,22124,25726
66: 0.7558621186471203,0.8986562804284324,23073,25675
67: 0.742515853119009,0.8467549720626734,21671,25593
68: 0.7749928284566838,0.9158216580230668,23663,25838
69: 0.7708593234020694,0.8890367529061802,22714,25549
70: 0.7730274965898485,0.9078022402471997,23503,25890
71: 0.7751189326465644,0.9020006132147784,23535,26092
72: 0.7589176322329961,0.8896243089767214,23656,26591
73: 0.7341398227598819,0.8792682926829268,23072,26240
74: 0.69822276966391,0.8590360981623454,22298,25957
75: 0.7046114043981401,0.8699470737132776,22683,26074
76: 0.7221706864564007,0.8721976572802731,22487,25782
77: 0.727050227014756,0.8821369206386022,22820,25869
78: 0.7170429208472687,0.9003663003663004,23351,25935
79: 0.7159204840103717,0.8930165147412182,23414,26219
80: 0.715213640515579,0.9150864999622271,24226,26474
81: 0.7078732351030734,0.9054466397131742,23739,26218
82: 0.6861907528278031,0.8621405389085969,22845,26498
83: 0.6920014597087217,0.8754872398323159,23808,27194
84: 0.6893340304555258,0.8783199505867819,24174,27523
85: 0.6847712686921058,0.8974222032329274,25205,28086
86: 0.6698130442725778,0.8851839119972499,25750,29090
87: 0.6517226941021653,0.8840446218401392,25914,29313
88: 0.6469185838598164,0.8696799512822248,25706,29558
89: 0.6494789124630358,0.9152915291529153,27456,29997
#goat
05: 0.81923680621671,0.9395111513455683,34248,36453
06: 0.8502223634053367,0.9449577025823687,33958,35936
07: 0.8704203313009227,0.9392184833990658,33578,35751
08: 0.8130568477489553,0.9243214594549359,33136,35849
09: 0.8016241919110969,0.9054642029722552,32048,35394
10: 0.8595845460252239,0.913642236316655,31115,34056
11: 0.8392576190198706,0.8944541143988957,29805,33322
12: 0.7615128300059807,0.9103684714457794,29475,32377
13: 0.6760912016282076,0.9107355615476265,29047,31894
14: 0.7243448515769945,0.8941820845142184,28080,31403
15: 0.7514100689367036,0.8842264102481779,27541,31147
16: 0.7635548062738959,0.9067769025454072,27858,30722
17: 0.7016068703432179,0.8697925229342716,26453,30413
18: 0.5690685729732977,0.7299973506424692,22043,30196
19: 0.4884291616189855,0.6259034304909912,18446,29471
20: 0.373875906042287,0.5370638312190854,15961,29719
21: 0.3454074270400801,0.5492031197015937,16196,29490
22: 0.3317296198900311,0.5151978784169726,15153,29412
23: 0.3347126569824643,0.5560165975103735,16482,29643
24: 0.2527987503254361,0.4323796924094592,13073,30235
25: 0.2683180322189503,0.455087440381558,13740,30192
26: 0.27177433100392023,0.484727887772361,14616,30153
27: 0.28226146029250765,0.5141711141313355,15511,30167
28: 0.30238749819128924,0.49266998341625207,14854,30150
29: 0.27425506897243973,0.4861691808542663,14535,29897
30: 0.41508832898928466,0.6068598112400934,18454,30409
31: 0.3947086577705734,0.5495417269657501,17088,31095
32: 0.36130719689512614,0.5417741678611244,17009,31395
33: 0.3364992834462023,0.542618059159315,16730,30832
34: 0.32869137232194556,0.5112289251844047,15525,30368
35: 0.2631654759161097,0.42564052542593317,13091,30756
36: 0.2351838379316134,0.4089240688136351,12812,31331
37: 0.20189690490220838,0.3392952065288765,10851,31981
38: 0.1788515674109705,0.3193344140947603,10440,32693
39: 0.15662749161508466,0.2961650114591291,9692,32725
40: 0.14576736626782863,0.25657652120467117,8349,32540
41: 0.13199934123847168,0.26397572636998895,8613,32628
42: 0.15128333056156107,0.2721592649310873,8886,32650
43: 0.18076212025054497,0.32943954268671555,10604,32188
44: 0.2224777806173155,0.35222061687291917,11214,31838
45: 0.4420589903573454,0.6244528928788218,19546,31301
46: 0.4500804706143515,0.6633669669287329,20841,31417
47: 0.44304903352626407,0.6770099625610763,21338,31518
48: 0.4231595132684711,0.6982379551421973,22072,31611
49: 0.4440297483465518,0.6595912445593894,20913,31706
50: 0.4634418812489527,0.6504456833286087,20651,31749
51: 0.536382178047169,0.6804285669400195,21656,31827
52: 0.546865998386911,0.6895607853007802,21917,31784
53: 0.541375109776481,0.6975757386665002,22358,32051
54: 0.5760794073388124,0.7171548380994419,22746,31717
55: 0.6017368230611506,0.7065570083850033,21993,31127
56: 0.6322389917535397,0.7339504132231405,22202,30250
57: 0.6060587268611826,0.7322832012307281,21896,29901
58: 0.602963502763102,0.7855041093110563,23225,29567
59: 0.6204901811539048,0.7979596662500422,23622,29603
60: 0.5730632725492596,0.7328030737083348,21743,29671
61: 0.5294474618442213,0.7319268829026938,21302,29104
62: 0.5679627353302711,0.745417881963199,20701,27771
63: 0.6645281456953642,0.8273315915028967,21849,26409
64: 0.611127849753942,0.8508576263364357,22124,26002
65: 0.5888711620486439,0.8968747570551193,23073,25726
66: 0.6303157604765676,0.8440506329113924,21671,25675
67: 0.7203129365744622,0.9245887547376236,23663,25593
68: 0.6954881966755133,0.8790928090409474,22714,25838
69: 0.667527875985858,0.919918587811656,23503,25549
70: 0.7210460338463681,0.9090382387022016,23535,25890
71: 0.7185297775321265,0.9066380499770045,23656,26092
72: 0.6800175907445621,0.8676619908991764,23072,26591
73: 0.6835934790149151,0.8497713414634146,22298,26240
74: 0.6790941728804197,0.8738683206842085,22683,25957
75: 0.7092323395867798,0.8624300069034287,22487,26074
76: 0.7000839513082412,0.885113645178807,22820,25782
77: 0.6860206213818381,0.9026634195368974,23351,25869
78: 0.6706953754485747,0.9027954501638712,23414,25935
79: 0.6645218768560681,0.9239864220603379,24226,26219
80: 0.6754421087754421,0.8966910931479942,23739,26474
81: 0.6637729322798331,0.8713479289038065,22845,26218
82: 0.6730743647731808,0.8984829043701411,23808,26498
83: 0.6021958142291257,0.8889460910494962,24174,27194
84: 0.584279790877952,0.9157795298477637,25205,27523
85: 0.6525769714829481,0.9168268888414156,25750,28086
86: 0.6158636897767332,0.8908215881746304,25914,29090
87: 0.6286483926351312,0.8769487940504214,25706,29313
88: 0.6193018830412679,0.928885580891806,27456,29558
89: 0.5903835145964511,0.8524519118578524,25571,29997
#goat
05: 0.81923680621671,0.9395111513455683,34248,36453
06: 0.8502223634053367,0.9449577025823687,33958,35936
07: 0.8704203313009227,0.9392184833990658,33578,35751
08: 0.8130568477489553,0.9243214594549359,33136,35849
09: 0.8016241919110969,0.9054642029722552,32048,35394
10: 0.8595845460252239,0.913642236316655,31115,34056
11: 0.8392576190198706,0.8944541143988957,29805,33322
12: 0.7615128300059807,0.9103684714457794,29475,32377
13: 0.6760912016282076,0.9107355615476265,29047,31894
14: 0.7243448515769945,0.8941820845142184,28080,31403
15: 0.7514100689367036,0.8842264102481779,27541,31147
16: 0.7635548062738959,0.9067769025454072,27858,30722
17: 0.7016068703432179,0.8697925229342716,26453,30413
18: 0.5690685729732977,0.7299973506424692,22043,30196
19: 0.4884291616189855,0.6259034304909912,18446,29471
20: 0.373875906042287,0.5370638312190854,15961,29719
21: 0.3454074270400801,0.5492031197015937,16196,29490
22: 0.3317296198900311,0.5151978784169726,15153,29412
23: 0.3347126569824643,0.5560165975103735,16482,29643
24: 0.2527987503254361,0.4323796924094592,13073,30235
25: 0.2683180322189503,0.455087440381558,13740,30192
26: 0.27177433100392023,0.484727887772361,14616,30153
27: 0.28226146029250765,0.5141711141313355,15511,30167
28: 0.30238749819128924,0.49266998341625207,14854,30150
29: 0.27425506897243973,0.4861691808542663,14535,29897
30: 0.41508832898928466,0.6068598112400934,18454,30409
31: 0.3947086577705734,0.5495417269657501,17088,31095
32: 0.36130719689512614,0.5417741678611244,17009,31395
33: 0.3364992834462023,0.542618059159315,16730,30832
34: 0.32869137232194556,0.5112289251844047,15525,30368
35: 0.2631654759161097,0.42564052542593317,13091,30756
#goat
05: 0.9245767060030785,0.9550928592982745,34816,36453
06: 0.9140394894731101,0.9530276046304541,34248,35936
07: 0.8995830721857373,0.9498475567117004,33958,35751
08: 0.908331271817707,0.9366509526067672,33578,35849
09: 0.9035053608132881,0.9362038763632254,33136,35394
10: 0.9026566502604841,0.9410382898754992,32048,34056
11: 0.8949272165857962,0.9337674809435208,31115,33322
12: 0.8660944721205209,0.9205608919912284,29805,32377
13: 0.8499125821426419,0.9241550134821597,29475,31894
14: 0.8213317264236216,0.9249753208292202,29047,31403
15: 0.7773076461409194,0.9015314476514592,28080,31147
16: 0.7578216925629808,0.8964585638955798,27541,30722
17: 0.7783983397424159,0.9159898727517838,27858,30413
18: 0.7049599711069644,0.876043184527752,26453,30196
19: 0.5826113671274962,0.7479556173865834,22043,29471
20: 0.47781664212076586,0.6206803728254652,18446,29719
21: 0.35387685800244256,0.5412343167175314,15961,29490
22: 0.3298731593526753,0.5506595947232422,16196,29412
23: 0.3313124108416548,0.5111830786357656,15153,29643
24: 0.3249290981281906,0.5451298164379031,16482,30235
25: 0.23504895663840597,0.4329954954954955,13073,30192
26: 0.26318061471163806,0.455676052134116,13740,30153
27: 0.291171721831392,0.48450293366924124,14616,30167
28: 0.30333390420734146,0.5144610281923715,15511,30150
29: 0.30237769564331657,0.49683914774057597,14854,29897
30: 0.37025371828521436,0.5451346640797132,16577,30409
31: 0.432010635530765,0.5934716192313877,18454,31095
32: 0.4011617825559216,0.5442904921165791,17088,31395
33: 0.3679800983644058,0.5516670991177997,17009,30832
34: 0.34174690900803373,0.5509088514225501,16730,30368
35: 0.3303725422559503,0.5047795552087397,15525,30756
36: 0.24872097599370327,0.4178289872650091,13091,31331
37: 0.22472248045059331,0.40061286388793343,12812,31981
38: 0.19083301427555652,0.33190591258067476,10851,32693
39: 0.16978319783197832,0.31902215431627196,10440,32725
40: 0.14951414028688859,0.29784880147510756,9692,32540
41: 0.14059455547514335,0.25588451636631115,8349,32628
42: 0.13622094944377133,0.2637978560490046,8613,32650
43: 0.17206939847049424,0.276065614514726,8886,32188
44: 0.2169051237205035,0.33306112192976944,10604,31838
45: 0.4375972342264477,0.5941663205648382,18598,31301
46: 0.46306663221657623,0.6221472451220676,19546,31417
47: 0.4744860602647142,0.6612411955073292,20841,31518
48: 0.5083036604472297,0.6750181898706147,21338,31611
49: 0.5250113430127041,0.696145839904119,22072,31706
50: 0.5337702053298383,0.6586979117452518,20913,31749
51: 0.5482976337994926,0.6488516039840387,20651,31827
52: 0.6079918156105193,0.6813491064686634,21656,31784
53: 0.5977736329454955,0.6838164175844748,21917,32051
54: 0.606410789614402,0.704921650849702,22358,31717
55: 0.6301440329218106,0.7307482250136538,22746,31127
56: 0.6364803909284551,0.7270413223140496,21993,30250
57: 0.6528566443549154,0.7425169726764991,22202,29901
58: 0.6462365247432904,0.7405553488686711,21896,29567
59: 0.6593271979143763,0.7845488632908827,23225,29603
60: 0.7025973611066739,0.7961309022277645,23622,29671
61: 0.6550680294251676,0.7470794392523364,21743,29104
62: 0.6448682711000872,0.7670591624356343,21302,27771
63: 0.6684374557302734,0.7838615623461699,20701,26409
64: 0.7174287560117724,0.8402815168063995,21849,26002
65: 0.7336328393898772,0.8599860063748737,22124,25726
66: 0.7558621186471203,0.8986562804284324,23073,25675
67: 0.742515853119009,0.8467549720626734,21671,25593
68: 0.7749928284566838,0.9158216580230668,23663,25838
69: 0.7708593234020694,0.8890367529061802,22714,25549
70: 0.7730274965898485,0.9078022402471997,23503,25890
71: 0.7751189326465644,0.9020006132147784,23535,26092
72: 0.7589176322329961,0.8896243089767214,23656,26591
73: 0.7341398227598819,0.8792682926829268,23072,26240
74: 0.69822276966391,0.8590360981623454,22298,25957
75: 0.7046114043981401,0.8699470737132776,22683,26074
76: 0.7221706864564007,0.8721976572802731,22487,25782
77: 0.727050227014756,0.8821369206386022,22820,25869
78: 0.7170429208472687,0.9003663003663004,23351,25935
79: 0.7159204840103717,0.8930165147412182,23414,26219
80: 0.715213640515579,0.9150864999622271,24226,26474
81: 0.7078732351030734,0.9054466397131742,23739,26218
82: 0.6861907528278031,0.8621405389085969,22845,26498
83: 0.6920014597087217,0.8754872398323159,23808,27194
84: 0.6893340304555258,0.8783199505867819,24174,27523
85: 0.6847712686921058,0.8974222032329274,25205,28086
86: 0.6698130442725778,0.8851839119972499,25750,29090
87: 0.6517226941021653,0.8840446218401392,25914,29313
88: 0.6469185838598164,0.8696799512822248,25706,29558
89: 0.6494789124630358,0.9152915291529153,27456,29997
#goat
05: 0.9245767060030785,0.9550928592982745,34816,36453
06: 0.9140394894731101,0.9530276046304541,34248,35936
07: 0.8995830721857373,0.9498475567117004,33958,35751
08: 0.908331271817707,0.9366509526067672,33578,35849
09: 0.9035053608132881,0.9362038763632254,33136,35394
10: 0.9026566502604841,0.9410382898754992,32048,34056
11: 0.8949272165857962,0.9337674809435208,31115,33322
12: 0.8660944721205209,0.9205608919912284,29805,32377
13: 0.8499125821426419,0.9241550134821597,29475,31894
14: 0.8213317264236216,0.9249753208292202,29047,31403
15: 0.7773076461409194,0.9015314476514592,28080,31147
16: 0.7578216925629808,0.8964585638955798,27541,30722
17: 0.7783983397424159,0.9159898727517838,27858,30413
18: 0.7049599711069644,0.876043184527752,26453,30196
19: 0.5826113671274962,0.7479556173865834,22043,29471
20: 0.47781664212076586,0.6206803728254652,18446,29719
21: 0.35387685800244256,0.5412343167175314,15961,29490
22: 0.3298731593526753,0.5506595947232422,16196,29412
23: 0.3313124108416548,0.5111830786357656,15153,29643
24: 0.3249290981281906,0.5451298164379031,16482,30235
25: 0.23504895663840597,0.4329954954954955,13073,30192
26: 0.26318061471163806,0.455676052134116,13740,30153
27: 0.291171721831392,0.48450293366924124,14616,30167
28: 0.30333390420734146,0.5144610281923715,15511,30150
29: 0.30237769564331657,0.49683914774057597,14854,29897
30: 0.37025371828521436,0.5451346640797132,16577,30409
#goat
05: 0.9245767060030785,0.9550928592982745,34816,36453
06: 0.9140394894731101,0.9530276046304541,34248,35936
07: 0.8995830721857373,0.9498475567117004,33958,35751
08: 0.908331271817707,0.9366509526067672,33578,35849
09: 0.9035053608132881,0.9362038763632254,33136,35394
10: 0.9026566502604841,0.9410382898754992,32048,34056
11: 0.8949272165857962,0.9337674809435208,31115,33322
12: 0.8660944721205209,0.9205608919912284,29805,32377
13: 0.8499125821426419,0.9241550134821597,29475,31894
14: 0.8213317264236216,0.9249753208292202,29047,31403
15: 0.7773076461409194,0.9015314476514592,28080,31147
16: 0.7578216925629808,0.8964585638955798,27541,30722
#goat
05: 0.9245767060030785,0.9550928592982745,34816,36453
06: 0.9140394894731101,0.9530276046304541,34248,35936
07: 0.8995830721857373,0.9498475567117004,33958,35751
08: 0.908331271817707,0.9366509526067672,33578,35849
09: 0.9035053608132881,0.9362038763632254,33136,35394
10: 0.9026566502604841,0.9410382898754992,32048,34056
11: 0.8949272165857962,0.9337674809435208,31115,33322
12: 0.8660944721205209,0.9205608919912284,29805,32377
13: 0.8499125821426419,0.9241550134821597,29475,31894
14: 0.8213317264236216,0.9249753208292202,29047,31403
15: 0.7773076461409194,0.9015314476514592,28080,31147
16: 0.7578216925629808,0.8964585638955798,27541,30722
17: 0.7783983397424159,0.9159898727517838,27858,30413
18: 0.7049599711069644,0.876043184527752,26453,30196
19: 0.5826113671274962,0.7479556173865834,22043,29471
20: 0.47781664212076586,0.6206803728254652,18446,29719
21: 0.35387685800244256,0.5412343167175314,15961,29490
22: 0.3298731593526753,0.5506595947232422,16196,29412
#goat
05: 0.9151500245941958,0.9557136877354542,34248,35835
06: 0.9026802546378514,0.9516843226276555,33958,35682
07: 0.9114088397790056,0.9428049978941457,33578,35615
08: 0.9063258643301616,0.9418720331997384,33136,35181
09: 0.9048965576939724,0.9434206652929055,32048,33970
10: 0.8993740403921106,0.93683196338783,31115,33213
11: 0.8671330771078549,0.9205324603125579,29805,32378
12: 0.8488757610464766,0.9249380236608403,29475,31867
13: 0.8212830188679245,0.9285234792059585,29047,31283
14: 0.7790851640084261,0.9046683205000161,28080,31039
15: 0.7600387620374296,0.9006507734065862,27541,30579
16: 0.7796942495634325,0.9214434558264148,27858,30233
17: 0.7077643504531722,0.8795969940812662,26453,30074
18: 0.5791204400872799,0.7512951601908657,22043,29340
19: 0.48109080755747213,0.6296852597801598,18446,29294
20: 0.35495043592499703,0.5425405350283831,15961,29419
21: 0.3307058926949336,0.5543348050792347,16196,29217
22: 0.3345529796359056,0.5163741693644573,15153,29345
23: 0.3266914073651156,0.5495465457455322,16482,29992
24: 0.2366950391195942,0.43462216164101203,13073,30079
25: 0.26465922528914654,0.45637227222904975,13740,30107
26: 0.2917896198576636,0.48661606072712743,14616,30036
27: 0.30340902591088487,0.5159326769558276,15511,30064
28: 0.3052964056970725,0.4988246356370475,14854,29778
29: 0.28270947802197804,0.47989302694136293,14535,30288
30: 0.4305105348460292,0.5958092532205469,18454,30973
31: 0.40152481447124305,0.5466585623340477,17088,31259
32: 0.36746575342465754,0.5503284045685444,17009,30907
33: 0.3421914608789769,0.5504556970355016,16730,30393
34: 0.32982939858693777,0.5044351301296423,15525,30777
35: 0.24915311653116531,0.4201354343849289,13091,31159
36: 0.22443999670989498,0.40229848965365655,12812,31847
37: 0.19198416625432954,0.33376395681461657,10851,32511
38: 0.16993588350358618,0.3200196180608773,10440,32623
39: 0.15068343057495823,0.2999133556133185,9692,32316
40: 0.14180901708204985,0.2574865073245952,8349,32425
41: 0.13712559917985093,0.2656119900083264,8613,32427
42: 0.1711930858827233,0.27734948032085893,8886,32039
43: 0.21825979333966555,0.3342790492402749,10604,31722
44: 0.2573208722741433,0.35983827493261455,11214,31164
45: 0.46482079059582804,0.6245726154337754,19546,31295
46: 0.47567994583004175,0.6623971013571497,20841,31463
47: 0.5099519560741249,0.6782149895111563,21338,31462
48: 0.5261720527992717,0.6990119077780593,22072,31576
49: 0.5336211674786312,0.6605913197296102,20913,31658
50: 0.5498961116058178,0.6542372881355932,20651,31565
51: 0.605832832230908,0.6819928198022296,21656,31754
52: 0.5988496204933587,0.684713674279109,21917,32009
53: 0.6026570766212923,0.7083161729763979,22358,31565
54: 0.6329668991138585,0.736617118430001,22746,30879
55: 0.6373912770433636,0.7293801611779922,21993,30153
56: 0.6553654347687806,0.7438852777591637,22202,29846
57: 0.6455099422706864,0.7444833565672707,21896,29411
58: 0.6599187734156093,0.7873148242313299,23225,29499
59: 0.6966016322366744,0.7981214312261378,23622,29597
60: 0.6551499135427882,0.7500431198040636,21743,28989
61: 0.6460794844253491,0.7679717355252722,21302,27738
62: 0.6655949689089882,0.7828832917328492,20701,26442
63: 0.7163518618456557,0.8449936187492748,21849,25857
64: 0.7313979196114675,0.8626350060435919,22124,25647
65: 0.7570425085089434,0.9064943228696027,23073,25453
66: 0.7455724342349018,0.8517805203993397,21671,25442
67: 0.7801387684301822,0.9244442708129859,23663,25597
68: 0.7691063485644966,0.8938648616740782,22714,25411
69: 0.7770399509184741,0.9131988965302872,23503,25737
70: 0.774785757825666,0.9065172174716893,23535,25962
71: 0.7589896509384318,0.8932185470472739,23656,26484
72: 0.7355113236742158,0.8779633928231668,23072,26279
73: 0.7033465683494045,0.8659417475728155,22298,25750
74: 0.7062150862523275,0.8764344499826128,22683,25881
75: 0.7250134288272158,0.8755256190624513,22487,25684
76: 0.7279994315557609,0.8838794639398869,22820,25818
77: 0.719217853644886,0.9051476858671215,23351,25798
78: 0.7176882540563029,0.896023879683135,23414,26131
79: 0.7134435560374034,0.9194625778047669,24226,26348
80: 0.7092191297798774,0.9064492725953645,23739,26189
81: 0.6865288520774865,0.8642932808716707,22845,26432
82: 0.697276863374816,0.8841683069038512,23808,26927
83: 0.6904566494862283,0.8848786558805227,24174,27319
84: 0.6839972136026851,0.9008542120876372,25205,27979
85: 0.6709042569446567,0.8901718118021226,25750,28927
86: 0.6525830037156898,0.8863729648378711,25914,29236
87: 0.6508383233532934,0.8734030986681164,25706,29432
88: 0.6517372734618493,0.9219610476830087,27456,29780
89: 0.6240224936297337,0.855847111587121,25571,29878
#goat
#goat
05: 0.9151500245941958,0.9557136877354542,34248,35835
06: 0.9026802546378514,0.9516843226276555,33958,35682
07: 0.9114088397790056,0.9428049978941457,33578,35615
08: 0.9063258643301616,0.9418720331997384,33136,35181
09: 0.9048965576939724,0.9434206652929055,32048,33970
10: 0.8993740403921106,0.93683196338783,31115,33213
11: 0.8671330771078549,0.9205324603125579,29805,32378
12: 0.8488757610464766,0.9249380236608403,29475,31867
13: 0.8212830188679245,0.9285234792059585,29047,31283
14: 0.7790851640084261,0.9046683205000161,28080,31039
15: 0.7600387620374296,0.9006507734065862,27541,30579
16: 0.7796942495634325,0.9214434558264148,27858,30233
17: 0.7077643504531722,0.8795969940812662,26453,30074
18: 0.5791204400872799,0.7512951601908657,22043,29340
19: 0.48109080755747213,0.6296852597801598,18446,29294
20: 0.35495043592499703,0.5425405350283831,15961,29419
#goat
05: 0.9151500245941958,0.9557136877354542,34248,35835
06: 0.9026802546378514,0.9516843226276555,33958,35682
07: 0.9114088397790056,0.9428049978941457,33578,35615
08: 0.9063258643301616,0.9418720331997384,33136,35181
09: 0.9048965576939724,0.9434206652929055,32048,33970
10: 0.8993740403921106,0.93683196338783,31115,33213
11: 0.8671330771078549,0.9205324603125579,29805,32378
12: 0.8488757610464766,0.9249380236608403,29475,31867
13: 0.8212830188679245,0.9285234792059585,29047,31283
14: 0.7790851640084261,0.9046683205000161,28080,31039
15: 0.7600387620374296,0.9006507734065862,27541,30579
16: 0.7796942495634325,0.9214434558264148,27858,30233
17: 0.7077643504531722,0.8795969940812662,26453,30074
18: 0.5791204400872799,0.7512951601908657,22043,29340
19: 0.48109080755747213,0.6296852597801598,18446,29294
20: 0.35495043592499703,0.5425405350283831,15961,29419
21: 0.3307058926949336,0.5543348050792347,16196,29217
22: 0.3345529796359056,0.5163741693644573,15153,29345
23: 0.3266914073651156,0.5495465457455322,16482,29992
24: 0.2366950391195942,0.43462216164101203,13073,30079
25: 0.26465922528914654,0.45637227222904975,13740,30107
26: 0.2917896198576636,0.48661606072712743,14616,30036
27: 0.30340902591088487,0.5159326769558276,15511,30064
28: 0.3052964056970725,0.4988246356370475,14854,29778
29: 0.28270947802197804,0.47989302694136293,14535,30288
30: 0.4305105348460292,0.5958092532205469,18454,30973
31: 0.40152481447124305,0.5466585623340477,17088,31259
32: 0.36746575342465754,0.5503284045685444,17009,30907
33: 0.3421914608789769,0.5504556970355016,16730,30393
34: 0.32982939858693777,0.5044351301296423,15525,30777
35: 0.24915311653116531,0.4201354343849289,13091,31159
36: 0.22443999670989498,0.40229848965365655,12812,31847
37: 0.19198416625432954,0.33376395681461657,10851,32511
38: 0.16993588350358618,0.3200196180608773,10440,32623
39: 0.15068343057495823,0.2999133556133185,9692,32316
40: 0.14180901708204985,0.2574865073245952,8349,32425
41: 0.13712559917985093,0.2656119900083264,8613,32427
42: 0.1711930858827233,0.27734948032085893,8886,32039
43: 0.21825979333966555,0.3342790492402749,10604,31722
44: 0.2573208722741433,0.35983827493261455,11214,31164
45: 0.46482079059582804,0.6245726154337754,19546,31295
46: 0.47567994583004175,0.6623971013571497,20841,31463
47: 0.5099519560741249,0.6782149895111563,21338,31462
48: 0.5261720527992717,0.6990119077780593,22072,31576
49: 0.5336211674786312,0.6605913197296102,20913,31658
50: 0.5498961116058178,0.6542372881355932,20651,31565
51: 0.605832832230908,0.6819928198022296,21656,31754
52: 0.5988496204933587,0.684713674279109,21917,32009
53: 0.6026570766212923,0.7083161729763979,22358,31565
54: 0.6329668991138585,0.736617118430001,22746,30879
55: 0.6373912770433636,0.7293801611779922,21993,30153
56: 0.6553654347687806,0.7438852777591637,22202,29846
57: 0.6455099422706864,0.7444833565672707,21896,29411
58: 0.6599187734156093,0.7873148242313299,23225,29499
59: 0.6966016322366744,0.7981214312261378,23622,29597
60: 0.6551499135427882,0.7500431198040636,21743,28989
61: 0.6460794844253491,0.7679717355252722,21302,27738
62: 0.6655949689089882,0.7828832917328492,20701,26442
63: 0.7163518618456557,0.8449936187492748,21849,25857
64: 0.7313979196114675,0.8626350060435919,22124,25647
65: 0.7570425085089434,0.9064943228696027,23073,25453
66: 0.7455724342349018,0.8517805203993397,21671,25442
67: 0.7801387684301822,0.9244442708129859,23663,25597
68: 0.7691063485644966,0.8938648616740782,22714,25411
69: 0.7770399509184741,0.9131988965302872,23503,25737
70: 0.774785757825666,0.9065172174716893,23535,25962
71: 0.7589896509384318,0.8932185470472739,23656,26484
72: 0.7355113236742158,0.8779633928231668,23072,26279
73: 0.7033465683494045,0.8659417475728155,22298,25750
74: 0.7062150862523275,0.8764344499826128,22683,25881
75: 0.7250134288272158,0.8755256190624513,22487,25684
76: 0.7279994315557609,0.8838794639398869,22820,25818
77: 0.719217853644886,0.9051476858671215,23351,25798
78: 0.7176882540563029,0.896023879683135,23414,26131
79: 0.7134435560374034,0.9194625778047669,24226,26348
80: 0.7092191297798774,0.9064492725953645,23739,26189
81: 0.6865288520774865,0.8642932808716707,22845,26432
82: 0.697276863374816,0.8841683069038512,23808,26927
83: 0.6904566494862283,0.8848786558805227,24174,27319
84: 0.6839972136026851,0.9008542120876372,25205,27979
85: 0.6709042569446567,0.8901718118021226,25750,28927
86: 0.6525830037156898,0.8863729648378711,25914,29236
87: 0.6508383233532934,0.8734030986681164,25706,29432
88: 0.6517372734618493,0.9219610476830087,27456,29780
89: 0.6240224936297337,0.855847111587121,25571,29878
#goat
05: 0.9151500245941958,0.9557136877354542,34248,35835
06: 0.9026802546378514,0.9516843226276555,33958,35682
07: 0.9114088397790056,0.9428049978941457,33578,35615
08: 0.9063258643301616,0.9418720331997384,33136,35181
09: 0.9048965576939724,0.9434206652929055,32048,33970
10: 0.8993740403921106,0.93683196338783,31115,33213
11: 0.8671330771078549,0.9205324603125579,29805,32378
12: 0.8488757610464766,0.9249380236608403,29475,31867
13: 0.8212830188679245,0.9285234792059585,29047,31283
14: 0.7790851640084261,0.9046683205000161,28080,31039
15: 0.7600387620374296,0.9006507734065862,27541,30579
16: 0.7796942495634325,0.9214434558264148,27858,30233
17: 0.7077643504531722,0.8795969940812662,26453,30074
18: 0.5791204400872799,0.7512951601908657,22043,29340
19: 0.48109080755747213,0.6296852597801598,18446,29294
20: 0.35495043592499703,0.5425405350283831,15961,29419
21: 0.3307058926949336,0.5543348050792347,16196,29217
22: 0.3345529796359056,0.5163741693644573,15153,29345
23: 0.3266914073651156,0.5495465457455322,16482,29992
24: 0.2366950391195942,0.43462216164101203,13073,30079
25: 0.26465922528914654,0.45637227222904975,13740,30107
26: 0.2917896198576636,0.48661606072712743,14616,30036
27: 0.30340902591088487,0.5159326769558276,15511,30064
28: 0.3052964056970725,0.4988246356370475,14854,29778
29: 0.28270947802197804,0.47989302694136293,14535,30288
30: 0.4305105348460292,0.5958092532205469,18454,30973
31: 0.40152481447124305,0.5466585623340477,17088,31259
32: 0.36746575342465754,0.5503284045685444,17009,30907
33: 0.3421914608789769,0.5504556970355016,16730,30393
34: 0.32982939858693777,0.5044351301296423,15525,30777
35: 0.24915311653116531,0.4201354343849289,13091,31159
36: 0.22443999670989498,0.40229848965365655,12812,31847
37: 0.19198416625432954,0.33376395681461657,10851,32511
38: 0.16993588350358618,0.3200196180608773,10440,32623
39: 0.15068343057495823,0.2999133556133185,9692,32316
40: 0.14180901708204985,0.2574865073245952,8349,32425
41: 0.13712559917985093,0.2656119900083264,8613,32427
42: 0.1711930858827233,0.27734948032085893,8886,32039
43: 0.21825979333966555,0.3342790492402749,10604,31722
44: 0.2573208722741433,0.35983827493261455,11214,31164
45: 0.46482079059582804,0.6245726154337754,19546,31295
46: 0.47567994583004175,0.6623971013571497,20841,31463
47: 0.5099519560741249,0.6782149895111563,21338,31462
48: 0.5261720527992717,0.6990119077780593,22072,31576
49: 0.5336211674786312,0.6605913197296102,20913,31658
50: 0.5498961116058178,0.6542372881355932,20651,31565
51: 0.605832832230908,0.6819928198022296,21656,31754
52: 0.5988496204933587,0.684713674279109,21917,32009
53: 0.6026570766212923,0.7083161729763979,22358,31565
54: 0.6329668991138585,0.736617118430001,22746,30879
55: 0.6373912770433636,0.7293801611779922,21993,30153
56: 0.6553654347687806,0.7438852777591637,22202,29846
57: 0.6455099422706864,0.7444833565672707,21896,29411
58: 0.6599187734156093,0.7873148242313299,23225,29499
59: 0.6966016322366744,0.7981214312261378,23622,29597
60: 0.6551499135427882,0.7500431198040636,21743,28989
61: 0.6460794844253491,0.7679717355252722,21302,27738
62: 0.6655949689089882,0.7828832917328492,20701,26442
63: 0.7163518618456557,0.8449936187492748,21849,25857
64: 0.7313979196114675,0.8626350060435919,22124,25647
65: 0.7570425085089434,0.9064943228696027,23073,25453
66: 0.7455724342349018,0.8517805203993397,21671,25442
67: 0.7801387684301822,0.9244442708129859,23663,25597
68: 0.7691063485644966,0.8938648616740782,22714,25411
69: 0.7770399509184741,0.9131988965302872,23503,25737
70: 0.774785757825666,0.9065172174716893,23535,25962
71: 0.7589896509384318,0.8932185470472739,23656,26484
72: 0.7355113236742158,0.8779633928231668,23072,26279
73: 0.7033465683494045,0.8659417475728155,22298,25750
74: 0.7062150862523275,0.8764344499826128,22683,25881
75: 0.7250134288272158,0.8755256190624513,22487,25684
76: 0.7279994315557609,0.8838794639398869,22820,25818
77: 0.719217853644886,0.9051476858671215,23351,25798
78: 0.7176882540563029,0.896023879683135,23414,26131
79: 0.7134435560374034,0.9194625778047669,24226,26348
80: 0.7092191297798774,0.9064492725953645,23739,26189
81: 0.6865288520774865,0.8642932808716707,22845,26432
82: 0.697276863374816,0.8841683069038512,23808,26927
83: 0.6904566494862283,0.8848786558805227,24174,27319
84: 0.6839972136026851,0.9008542120876372,25205,27979
85: 0.6709042569446567,0.8901718118021226,25750,28927
86: 0.6525830037156898,0.8863729648378711,25914,29236
87: 0.6508383233532934,0.8734030986681164,25706,29432
88: 0.6517372734618493,0.9219610476830087,27456,29780
89: 0.6240224936297337,0.855847111587121,25571,29878
